0.000000	0.999800
0.010000	0.999200
0.020000	0.998201
0.030000	0.996802
0.040000	0.995005
0.050000	0.992811
0.060000	0.990220
0.070000	0.987234
0.080000	0.983855
0.090000	0.980083
0.100000	0.975922
0.110000	0.971372
0.120000	0.966437
0.130000	0.961119
0.140000	0.955420
0.150000	0.949344
0.160000	0.942892
0.170000	0.936070
0.180000	0.928879
0.190000	0.921323
0.200000	0.913407
0.210000	0.905135
0.220000	0.896509
0.230000	0.887535
0.240000	0.878217
0.250000	0.868560
0.260000	0.858569
0.270000	0.848248
0.280000	0.837602
0.290000	0.826638
0.300000	0.815359
0.310000	0.803773
0.320000	0.791884
0.330000	0.779699
0.340000	0.767223
0.350000	0.754463
0.360000	0.741425
0.370000	0.728115
0.380000	0.714540
0.390000	0.700707
0.400000	0.686622
0.410000	0.672293
0.420000	0.657725
0.430000	0.642928
0.440000	0.627907
0.450000	0.612671
0.460000	0.597225
0.470000	0.581579
0.480000	0.565740
0.490000	0.549715
0.500000	0.533513
0.510000	0.517140
0.520000	0.500606
0.530000	0.483917
0.540000	0.467083
0.550000	0.450111
0.560000	0.433009
0.570000	0.415786
0.580000	0.398450
0.590000	0.381009
0.600000	0.363472
0.610000	0.345847
0.620000	0.328142
0.630000	0.310366
0.640000	0.292528
0.650000	0.274635
0.660000	0.256696
0.670000	0.238720
0.680000	0.220716
0.690000	0.202691
0.700000	0.184654
0.710000	0.166613
0.720000	0.148578
0.730000	0.130556
0.740000	0.112556
0.750000	0.094586
0.760000	0.076655
0.770000	0.058770
0.780000	0.040940
0.790000	0.023173
0.800000	0.005477
0.810000	-0.012139
0.820000	-0.029669
0.830000	-0.047103
0.840000	-0.064434
0.850000	-0.081655
0.860000	-0.098757
0.870000	-0.115733
0.880000	-0.132575
0.890000	-0.149277
0.900000	-0.165830
0.910000	-0.182228
0.920000	-0.198463
0.930000	-0.214528
0.940000	-0.230417
0.950000	-0.246123
0.960000	-0.261639
0.970000	-0.276958
0.980000	-0.292074
0.990000	-0.306981
1.000000	-0.321673
1.010000	-0.336143
1.020000	-0.350386
1.030000	-0.364396
1.040000	-0.378167
1.050000	-0.391695
1.060000	-0.404973
1.070000	-0.417996
1.080000	-0.430760
1.090000	-0.443260
1.100000	-0.455491
1.110000	-0.467448
1.120000	-0.479128
1.130000	-0.490525
1.140000	-0.501637
1.150000	-0.512458
1.160000	-0.522987
1.170000	-0.533218
1.180000	-0.543148
1.190000	-0.552775
1.200000	-0.562096
1.210000	-0.571108
1.220000	-0.579807
1.230000	-0.588193
1.240000	-0.596261
1.250000	-0.604011
1.260000	-0.611441
1.270000	-0.618549
1.280000	-0.625333
1.290000	-0.631791
1.300000	-0.637924
1.310000	-0.643729
1.320000	-0.649207
1.330000	-0.654356
1.340000	-0.659177
1.350000	-0.663668
1.360000	-0.667830
1.370000	-0.671663
1.380000	-0.675167
1.390000	-0.678344
1.400000	-0.681192
1.410000	-0.683715
1.420000	-0.685912
1.430000	-0.687784
1.440000	-0.689334
1.450000	-0.690562
1.460000	-0.691471
1.470000	-0.692063
1.480000	-0.692338
1.490000	-0.692301
1.500000	-0.691953
1.510000	-0.691297
1.520000	-0.690336
1.530000	-0.689072
1.540000	-0.687508
1.550000	-0.685649
1.560000	-0.683497
1.570000	-0.681056
1.580000	-0.678329
1.590000	-0.675321
1.600000	-0.672035
1.610000	-0.668476
1.620000	-0.664648
1.630000	-0.660555
1.640000	-0.656201
1.650000	-0.651593
1.660000	-0.646733
1.670000	-0.641628
1.680000	-0.636281
1.690000	-0.630700
1.700000	-0.624887
1.710000	-0.618850
1.720000	-0.612594
1.730000	-0.606123
1.740000	-0.599444
1.750000	-0.592563
1.760000	-0.585485
1.770000	-0.578216
1.780000	-0.570763
1.790000	-0.563131
1.800000	-0.555326
1.810000	-0.547356
1.820000	-0.539226
1.830000	-0.530942
1.840000	-0.522512
1.850000	-0.513941
1.860000	-0.505236
1.870000	-0.496404
1.880000	-0.487451
1.890000	-0.478384
1.900000	-0.469210
1.910000	-0.459935
1.920000	-0.450566
1.930000	-0.441110
1.940000	-0.431574
1.950000	-0.421964
1.960000	-0.412288
1.970000	-0.402552
1.980000	-0.392762
1.990000	-0.382927
2.000000	-0.373052
2.010000	-0.363144
2.020000	-0.353210
2.030000	-0.343257
2.040000	-0.333292
2.050000	-0.323320
2.060000	-0.313350
2.070000	-0.303387
2.080000	-0.293438
2.090000	-0.283509
2.100000	-0.273608
2.110000	-0.263739
2.120000	-0.253911
2.130000	-0.244128
2.140000	-0.234398
2.150000	-0.224726
2.160000	-0.215118
2.170000	-0.205581
2.180000	-0.196120
2.190000	-0.186741
2.200000	-0.177450
2.210000	-0.168252
2.220000	-0.159154
2.230000	-0.150160
2.240000	-0.141276
2.250000	-0.132507
2.260000	-0.123858
2.270000	-0.115334
2.280000	-0.106940
2.290000	-0.098682
2.300000	-0.090562
2.310000	-0.082587
2.320000	-0.074761
2.330000	-0.067087
2.340000	-0.059570
2.350000	-0.052214
2.360000	-0.045023
2.370000	-0.038001
2.380000	-0.031150
2.390000	-0.024476
2.400000	-0.017980
2.410000	-0.011666
2.420000	-0.005538
2.430000	0.000403
2.440000	0.006152
2.450000	0.011709
2.460000	0.017069
2.470000	0.022232
2.480000	0.027194
2.490000	0.031955
2.500000	0.036511
2.510000	0.040863
2.520000	0.045007
2.530000	0.048943
2.540000	0.052669
2.550000	0.056185
2.560000	0.059490
2.570000	0.062583
2.580000	0.065464
2.590000	0.068132
2.600000	0.070587
2.610000	0.072830
2.620000	0.074859
2.630000	0.076676
2.640000	0.078281
2.650000	0.079675
2.660000	0.080858
2.670000	0.081832
2.680000	0.082597
2.690000	0.083155
2.700000	0.083507
2.710000	0.083655
2.720000	0.083600
2.730000	0.083345
2.740000	0.082891
2.750000	0.082241
2.760000	0.081397
2.770000	0.080361
2.780000	0.079136
2.790000	0.077725
2.800000	0.076131
2.810000	0.074356
2.820000	0.072404
2.830000	0.070278
2.840000	0.067982
2.850000	0.065520
2.860000	0.062893
2.870000	0.060108
2.880000	0.057167
2.890000	0.054075
2.900000	0.050836
2.910000	0.047454
2.920000	0.043933
2.930000	0.040278
2.940000	0.036494
2.950000	0.032585
2.960000	0.028555
2.970000	0.024411
2.980000	0.020157
2.990000	0.015797
3.000000	0.011337
3.010000	0.006783
3.020000	0.002139
3.030000	-0.002589
3.040000	-0.007396
3.050000	-0.012276
3.060000	-0.017224
3.070000	-0.022234
3.080000	-0.027300
3.090000	-0.032417
3.100000	-0.037580
3.110000	-0.042781
3.120000	-0.048016
3.130000	-0.053279
3.140000	-0.058563
3.150000	-0.063863
3.160000	-0.069173
3.170000	-0.074487
3.180000	-0.079799
3.190000	-0.085103
3.200000	-0.090393
3.210000	-0.095663
3.220000	-0.100907
3.230000	-0.106120
3.240000	-0.111295
3.250000	-0.116427
3.260000	-0.121509
3.270000	-0.126535
3.280000	-0.131501
3.290000	-0.136399
3.300000	-0.141225
3.310000	-0.145972
3.320000	-0.150635
3.330000	-0.155208
3.340000	-0.159686
3.350000	-0.164064
3.360000	-0.168334
3.370000	-0.172494
3.380000	-0.176536
3.390000	-0.180456
3.400000	-0.184248
3.410000	-0.187908
3.420000	-0.191430
3.430000	-0.194810
3.440000	-0.198043
3.450000	-0.201124
3.460000	-0.204048
3.470000	-0.206811
3.480000	-0.209408
3.490000	-0.211836
3.500000	-0.214089
3.510000	-0.216164
3.520000	-0.218057
3.530000	-0.219764
3.540000	-0.221281
3.550000	-0.222605
3.560000	-0.223732
3.570000	-0.224658
3.580000	-0.225381
3.590000	-0.225898
3.600000	-0.226205
3.610000	-0.226300
3.620000	-0.226179
3.630000	-0.225842
3.640000	-0.225284
3.650000	-0.224505
3.660000	-0.223501
3.670000	-0.222271
3.680000	-0.220814
3.690000	-0.219127
3.700000	-0.217209
3.710000	-0.215059
3.720000	-0.212676
3.730000	-0.210058
3.740000	-0.207206
3.750000	-0.204117
3.760000	-0.200793
3.770000	-0.197232
3.780000	-0.193434
3.790000	-0.189399
3.800000	-0.185128
3.810000	-0.180621
3.820000	-0.175878
3.830000	-0.170900
3.840000	-0.165688
3.850000	-0.160243
3.860000	-0.154566
3.870000	-0.148659
3.880000	-0.142522
3.890000	-0.136158
3.900000	-0.129568
3.910000	-0.122755
3.920000	-0.115720
3.930000	-0.108467
3.940000	-0.100996
3.950000	-0.093312
3.960000	-0.085417
3.970000	-0.077313
3.980000	-0.069005
3.990000	-0.060494
4.000000	-0.051786
4.010000	-0.042882
4.020000	-0.033788
4.030000	-0.024506
4.040000	-0.015042
4.050000	-0.005398
4.060000	0.004420
4.070000	0.014408
4.080000	0.024562
4.090000	0.034877
4.100000	0.045347
4.110000	0.055969
4.120000	0.066737
4.130000	0.077645
4.140000	0.088689
4.150000	0.099863
4.160000	0.111161
4.170000	0.122577
4.180000	0.134106
4.190000	0.145742
4.200000	0.157479
4.210000	0.169311
4.220000	0.181231
4.230000	0.193234
4.240000	0.205312
4.250000	0.217460
4.260000	0.229671
4.270000	0.241938
4.280000	0.254254
4.290000	0.266613
4.300000	0.279009
4.310000	0.291433
4.320000	0.303879
4.330000	0.316341
4.340000	0.328810
4.350000	0.341281
4.360000	0.353746
4.370000	0.366197
4.380000	0.378627
4.390000	0.391030
4.400000	0.403398
4.410000	0.415724
4.420000	0.428000
4.430000	0.440219
4.440000	0.452374
4.450000	0.464458
4.460000	0.476463
4.470000	0.488382
4.480000	0.500208
4.490000	0.511933
4.500000	0.523550
4.510000	0.535052
4.520000	0.546432
4.530000	0.557683
4.540000	0.568797
4.550000	0.579768
4.560000	0.590588
4.570000	0.601250
4.580000	0.611748
4.590000	0.622075
4.600000	0.632223
4.610000	0.642187
4.620000	0.651959
4.630000	0.661533
4.640000	0.670902
4.650000	0.680060
4.660000	0.689001
4.670000	0.697718
4.680000	0.706206
4.690000	0.714457
4.700000	0.722467
4.710000	0.730229
4.720000	0.737738
4.730000	0.744988
4.740000	0.751974
4.750000	0.758690
4.760000	0.765131
4.770000	0.771292
4.780000	0.777168
4.790000	0.782754
4.800000	0.788045
4.810000	0.793037
4.820000	0.797726
4.830000	0.802107
4.840000	0.806176
4.850000	0.809928
4.860000	0.813361
4.870000	0.816471
4.880000	0.819254
4.890000	0.821707
4.900000	0.823826
4.910000	0.825609
4.920000	0.827052
4.930000	0.828154
4.940000	0.828912
4.950000	0.829323
4.960000	0.829385
4.970000	0.829097
4.980000	0.828456
4.990000	0.827461
5.000000	0.826111
