0.000000	0.000000
0.001000	0.000002
0.002000	0.000006
0.003000	0.000012
0.004000	0.000020
0.005000	0.000030
0.006000	0.000042
0.007000	0.000056
0.008000	0.000072
0.009000	0.000090
0.010000	0.000110
0.011000	0.000132
0.012000	0.000156
0.013000	0.000182
0.014000	0.000210
0.015000	0.000240
0.016000	0.000272
0.017000	0.000306
0.018000	0.000342
0.019000	0.000380
0.020000	0.000420
0.021000	0.000462
0.022000	0.000506
0.023000	0.000552
0.024000	0.000600
0.025000	0.000650
0.026000	0.000702
0.027000	0.000756
0.028000	0.000812
0.029000	0.000870
0.030000	0.000929
0.031000	0.000991
0.032000	0.001055
0.033000	0.001121
0.034000	0.001189
0.035000	0.001259
0.036000	0.001331
0.037000	0.001405
0.038000	0.001481
0.039000	0.001558
0.040000	0.001638
0.041000	0.001720
0.042000	0.001804
0.043000	0.001890
0.044000	0.001977
0.045000	0.002067
0.046000	0.002159
0.047000	0.002253
0.048000	0.002348
0.049000	0.002446
0.050000	0.002546
0.051000	0.002647
0.052000	0.002751
0.053000	0.002857
0.054000	0.002964
0.055000	0.003074
0.056000	0.003185
0.057000	0.003299
0.058000	0.003414
0.059000	0.003532
0.060000	0.003651
0.061000	0.003773
0.062000	0.003896
0.063000	0.004021
0.064000	0.004149
0.065000	0.004278
0.066000	0.004409
0.067000	0.004542
0.068000	0.004678
0.069000	0.004815
0.070000	0.004954
0.071000	0.005095
0.072000	0.005238
0.073000	0.005383
0.074000	0.005530
0.075000	0.005679
0.076000	0.005829
0.077000	0.005982
0.078000	0.006137
0.079000	0.006294
0.080000	0.006452
0.081000	0.006613
0.082000	0.006776
0.083000	0.006940
0.084000	0.007106
0.085000	0.007275
0.086000	0.007445
0.087000	0.007617
0.088000	0.007792
0.089000	0.007968
0.090000	0.008146
0.091000	0.008326
0.092000	0.008508
0.093000	0.008692
0.094000	0.008877
0.095000	0.009065
0.096000	0.009255
0.097000	0.009446
0.098000	0.009640
0.099000	0.009835
0.100000	0.010033
0.101000	0.010232
0.102000	0.010433
0.103000	0.010636
0.104000	0.010841
0.105000	0.011048
0.106000	0.011257
0.107000	0.011468
0.108000	0.011681
0.109000	0.011895
0.110000	0.012112
0.111000	0.012330
0.112000	0.012550
0.113000	0.012773
0.114000	0.012997
0.115000	0.013223
0.116000	0.013451
0.117000	0.013680
0.118000	0.013912
0.119000	0.014146
0.120000	0.014381
0.121000	0.014618
0.122000	0.014858
0.123000	0.015099
0.124000	0.015342
0.125000	0.015586
0.126000	0.015833
0.127000	0.016082
0.128000	0.016332
0.129000	0.016585
0.130000	0.016839
0.131000	0.017095
0.132000	0.017353
0.133000	0.017613
0.134000	0.017874
0.135000	0.018138
0.136000	0.018403
0.137000	0.018670
0.138000	0.018939
0.139000	0.019210
0.140000	0.019483
0.141000	0.019758
0.142000	0.020034
0.143000	0.020313
0.144000	0.020593
0.145000	0.020875
0.146000	0.021158
0.147000	0.021444
0.148000	0.021731
0.149000	0.022021
0.150000	0.022312
0.151000	0.022605
0.152000	0.022900
0.153000	0.023196
0.154000	0.023495
0.155000	0.023795
0.156000	0.024097
0.157000	0.024401
0.158000	0.024706
0.159000	0.025014
0.160000	0.025323
0.161000	0.025634
0.162000	0.025947
0.163000	0.026261
0.164000	0.026578
0.165000	0.026896
0.166000	0.027216
0.167000	0.027537
0.168000	0.027861
0.169000	0.028186
0.170000	0.028513
0.171000	0.028842
0.172000	0.029173
0.173000	0.029505
0.174000	0.029839
0.175000	0.030175
0.176000	0.030513
0.177000	0.030852
0.178000	0.031194
0.179000	0.031536
0.180000	0.031881
0.181000	0.032228
0.182000	0.032576
0.183000	0.032926
0.184000	0.033277
0.185000	0.033631
0.186000	0.033986
0.187000	0.034343
0.188000	0.034701
0.189000	0.035061
0.190000	0.035423
0.191000	0.035787
0.192000	0.036153
0.193000	0.036520
0.194000	0.036888
0.195000	0.037259
0.196000	0.037631
0.197000	0.038005
0.198000	0.038381
0.199000	0.038758
0.200000	0.039137
0.201000	0.039518
0.202000	0.039900
0.203000	0.040284
0.204000	0.040670
0.205000	0.041058
0.206000	0.041447
0.207000	0.041837
0.208000	0.042230
0.209000	0.042624
0.210000	0.043020
0.211000	0.043417
0.212000	0.043816
0.213000	0.044217
0.214000	0.044619
0.215000	0.045023
0.216000	0.045429
0.217000	0.045836
0.218000	0.046245
0.219000	0.046655
0.220000	0.047067
0.221000	0.047481
0.222000	0.047897
0.223000	0.048314
0.224000	0.048732
0.225000	0.049152
0.226000	0.049574
0.227000	0.049998
0.228000	0.050423
0.229000	0.050849
0.230000	0.051278
0.231000	0.051707
0.232000	0.052139
0.233000	0.052572
0.234000	0.053006
0.235000	0.053442
0.236000	0.053880
0.237000	0.054319
0.238000	0.054760
0.239000	0.055202
0.240000	0.055646
0.241000	0.056092
0.242000	0.056539
0.243000	0.056987
0.244000	0.057438
0.245000	0.057889
0.246000	0.058342
0.247000	0.058797
0.248000	0.059253
0.249000	0.059711
0.250000	0.060170
0.251000	0.060631
0.252000	0.061094
0.253000	0.061557
0.254000	0.062023
0.255000	0.062490
0.256000	0.062958
0.257000	0.063428
0.258000	0.063899
0.259000	0.064372
0.260000	0.064846
0.261000	0.065322
0.262000	0.065799
0.263000	0.066278
0.264000	0.066758
0.265000	0.067239
0.266000	0.067723
0.267000	0.068207
0.268000	0.068693
0.269000	0.069181
0.270000	0.069669
0.271000	0.070160
0.272000	0.070651
0.273000	0.071145
0.274000	0.071639
0.275000	0.072135
0.276000	0.072633
0.277000	0.073132
0.278000	0.073632
0.279000	0.074134
0.280000	0.074637
0.281000	0.075141
0.282000	0.075647
0.283000	0.076154
0.284000	0.076663
0.285000	0.077173
0.286000	0.077684
0.287000	0.078197
0.288000	0.078711
0.289000	0.079227
0.290000	0.079744
0.291000	0.080262
0.292000	0.080781
0.293000	0.081302
0.294000	0.081825
0.295000	0.082348
0.296000	0.082873
0.297000	0.083399
0.298000	0.083927
0.299000	0.084456
0.300000	0.084986
0.301000	0.085518
0.302000	0.086051
0.303000	0.086585
0.304000	0.087120
0.305000	0.087657
0.306000	0.088195
0.307000	0.088734
0.308000	0.089275
0.309000	0.089817
0.310000	0.090360
0.311000	0.090905
0.312000	0.091450
0.313000	0.091997
0.314000	0.092545
0.315000	0.093095
0.316000	0.093646
0.317000	0.094198
0.318000	0.094751
0.319000	0.095305
0.320000	0.095861
0.321000	0.096418
0.322000	0.096976
0.323000	0.097535
0.324000	0.098096
0.325000	0.098658
0.326000	0.099220
0.327000	0.099785
0.328000	0.100350
0.329000	0.100916
0.330000	0.101484
0.331000	0.102053
0.332000	0.102623
0.333000	0.103194
0.334000	0.103767
0.335000	0.104340
0.336000	0.104915
0.337000	0.105491
0.338000	0.106068
0.339000	0.106646
0.340000	0.107225
0.341000	0.107805
0.342000	0.108387
0.343000	0.108970
0.344000	0.109553
0.345000	0.110138
0.346000	0.110724
0.347000	0.111311
0.348000	0.111899
0.349000	0.112489
0.350000	0.113079
0.351000	0.113671
0.352000	0.114263
0.353000	0.114857
0.354000	0.115451
0.355000	0.116047
0.356000	0.116644
0.357000	0.117242
0.358000	0.117840
0.359000	0.118440
0.360000	0.119041
0.361000	0.119643
0.362000	0.120246
0.363000	0.120850
0.364000	0.121455
0.365000	0.122061
0.366000	0.122668
0.367000	0.123277
0.368000	0.123886
0.369000	0.124496
0.370000	0.125107
0.371000	0.125719
0.372000	0.126332
0.373000	0.126946
0.374000	0.127561
0.375000	0.128177
0.376000	0.128793
0.377000	0.129411
0.378000	0.130030
0.379000	0.130650
0.380000	0.131270
0.381000	0.131892
0.382000	0.132514
0.383000	0.133138
0.384000	0.133762
0.385000	0.134387
0.386000	0.135014
0.387000	0.135641
0.388000	0.136269
0.389000	0.136897
0.390000	0.137527
0.391000	0.138158
0.392000	0.138789
0.393000	0.139422
0.394000	0.140055
0.395000	0.140689
0.396000	0.141324
0.397000	0.141959
0.398000	0.142596
0.399000	0.143233
0.400000	0.143872
0.401000	0.144511
0.402000	0.145151
0.403000	0.145791
0.404000	0.146433
0.405000	0.147075
0.406000	0.147719
0.407000	0.148362
0.408000	0.149007
0.409000	0.149653
0.410000	0.150299
0.411000	0.150946
0.412000	0.151594
0.413000	0.152242
0.414000	0.152892
0.415000	0.153542
0.416000	0.154193
0.417000	0.154844
0.418000	0.155497
0.419000	0.156150
0.420000	0.156803
0.421000	0.157458
0.422000	0.158113
0.423000	0.158769
0.424000	0.159425
0.425000	0.160083
0.426000	0.160741
0.427000	0.161399
0.428000	0.162059
0.429000	0.162719
0.430000	0.163379
0.431000	0.164041
0.432000	0.164703
0.433000	0.165365
0.434000	0.166029
0.435000	0.166693
0.436000	0.167357
0.437000	0.168022
0.438000	0.168688
0.439000	0.169355
0.440000	0.170022
0.441000	0.170689
0.442000	0.171358
0.443000	0.172026
0.444000	0.172696
0.445000	0.173366
0.446000	0.174036
0.447000	0.174708
0.448000	0.175379
0.449000	0.176052
0.450000	0.176724
0.451000	0.177398
0.452000	0.178072
0.453000	0.178746
0.454000	0.179421
0.455000	0.180097
0.456000	0.180773
0.457000	0.181449
0.458000	0.182126
0.459000	0.182804
0.460000	0.183482
0.461000	0.184161
0.462000	0.184840
0.463000	0.185519
0.464000	0.186199
0.465000	0.186880
0.466000	0.187561
0.467000	0.188242
0.468000	0.188924
0.469000	0.189606
0.470000	0.190289
0.471000	0.190972
0.472000	0.191656
0.473000	0.192340
0.474000	0.193024
0.475000	0.193709
0.476000	0.194394
0.477000	0.195080
0.478000	0.195766
0.479000	0.196452
0.480000	0.197139
0.481000	0.197826
0.482000	0.198514
0.483000	0.199201
0.484000	0.199890
0.485000	0.200578
0.486000	0.201267
0.487000	0.201956
0.488000	0.202646
0.489000	0.203336
0.490000	0.204026
0.491000	0.204717
0.492000	0.205408
0.493000	0.206099
0.494000	0.206790
0.495000	0.207482
0.496000	0.208174
0.497000	0.208867
0.498000	0.209559
0.499000	0.210252
0.500000	0.210945
0.501000	0.211639
0.502000	0.212332
0.503000	0.213026
0.504000	0.213720
0.505000	0.214415
0.506000	0.215109
0.507000	0.215804
0.508000	0.216499
0.509000	0.217194
0.510000	0.217890
0.511000	0.218585
0.512000	0.219281
0.513000	0.219977
0.514000	0.220673
0.515000	0.221370
0.516000	0.222066
0.517000	0.222763
0.518000	0.223460
0.519000	0.224157
0.520000	0.224854
0.521000	0.225551
0.522000	0.226248
0.523000	0.226946
0.524000	0.227643
0.525000	0.228341
0.526000	0.229039
0.527000	0.229737
0.528000	0.230435
0.529000	0.231133
0.530000	0.231831
0.531000	0.232529
0.532000	0.233228
0.533000	0.233926
0.534000	0.234625
0.535000	0.235323
0.536000	0.236022
0.537000	0.236720
0.538000	0.237419
0.539000	0.238117
0.540000	0.238816
0.541000	0.239515
0.542000	0.240213
0.543000	0.240912
0.544000	0.241611
0.545000	0.242309
0.546000	0.243008
0.547000	0.243706
0.548000	0.244405
0.549000	0.245103
0.550000	0.245802
0.551000	0.246500
0.552000	0.247199
0.553000	0.247897
0.554000	0.248595
0.555000	0.249293
0.556000	0.249992
0.557000	0.250690
0.558000	0.251387
0.559000	0.252085
0.560000	0.252783
0.561000	0.253481
0.562000	0.254178
0.563000	0.254875
0.564000	0.255573
0.565000	0.256270
0.566000	0.256967
0.567000	0.257663
0.568000	0.258360
0.569000	0.259057
0.570000	0.259753
0.571000	0.260449
0.572000	0.261145
0.573000	0.261841
0.574000	0.262536
0.575000	0.263232
0.576000	0.263927
0.577000	0.264622
0.578000	0.265317
0.579000	0.266011
0.580000	0.266705
0.581000	0.267399
0.582000	0.268093
0.583000	0.268787
0.584000	0.269480
0.585000	0.270173
0.586000	0.270866
0.587000	0.271559
0.588000	0.272251
0.589000	0.272943
0.590000	0.273634
0.591000	0.274326
0.592000	0.275017
0.593000	0.275708
0.594000	0.276398
0.595000	0.277088
0.596000	0.277778
0.597000	0.278467
0.598000	0.279156
0.599000	0.279845
0.600000	0.280534
0.601000	0.281222
0.602000	0.281909
0.603000	0.282597
0.604000	0.283283
0.605000	0.283970
0.606000	0.284656
0.607000	0.285342
0.608000	0.286027
0.609000	0.286712
0.610000	0.287397
0.611000	0.288081
0.612000	0.288764
0.613000	0.289448
0.614000	0.290130
0.615000	0.290813
0.616000	0.291495
0.617000	0.292176
0.618000	0.292857
0.619000	0.293537
0.620000	0.294217
0.621000	0.294897
0.622000	0.295576
0.623000	0.296254
0.624000	0.296932
0.625000	0.297610
0.626000	0.298287
0.627000	0.298963
0.628000	0.299639
0.629000	0.300315
0.630000	0.300990
0.631000	0.301664
0.632000	0.302338
0.633000	0.303011
0.634000	0.303683
0.635000	0.304355
0.636000	0.305027
0.637000	0.305698
0.638000	0.306368
0.639000	0.307038
0.640000	0.307707
0.641000	0.308375
0.642000	0.309043
0.643000	0.309710
0.644000	0.310377
0.645000	0.311043
0.646000	0.311708
0.647000	0.312373
0.648000	0.313037
0.649000	0.313700
0.650000	0.314363
0.651000	0.315025
0.652000	0.315686
0.653000	0.316347
0.654000	0.317007
0.655000	0.317666
0.656000	0.318325
0.657000	0.318983
0.658000	0.319640
0.659000	0.320296
0.660000	0.320952
0.661000	0.321607
0.662000	0.322261
0.663000	0.322915
0.664000	0.323567
0.665000	0.324219
0.666000	0.324870
0.667000	0.325521
0.668000	0.326171
0.669000	0.326819
0.670000	0.327467
0.671000	0.328115
0.672000	0.328761
0.673000	0.329407
0.674000	0.330052
0.675000	0.330696
0.676000	0.331339
0.677000	0.331981
0.678000	0.332623
0.679000	0.333263
0.680000	0.333903
0.681000	0.334542
0.682000	0.335180
0.683000	0.335817
0.684000	0.336454
0.685000	0.337089
0.686000	0.337724
0.687000	0.338357
0.688000	0.338990
0.689000	0.339622
0.690000	0.340253
0.691000	0.340883
0.692000	0.341512
0.693000	0.342140
0.694000	0.342767
0.695000	0.343394
0.696000	0.344019
0.697000	0.344643
0.698000	0.345267
0.699000	0.345889
0.700000	0.346511
0.701000	0.347131
0.702000	0.347751
0.703000	0.348369
0.704000	0.348987
0.705000	0.349603
0.706000	0.350219
0.707000	0.350833
0.708000	0.351446
0.709000	0.352059
0.710000	0.352670
0.711000	0.353281
0.712000	0.353890
0.713000	0.354498
0.714000	0.355105
0.715000	0.355711
0.716000	0.356316
0.717000	0.356920
0.718000	0.357523
0.719000	0.358125
0.720000	0.358726
0.721000	0.359325
0.722000	0.359924
0.723000	0.360521
0.724000	0.361117
0.725000	0.361712
0.726000	0.362306
0.727000	0.362899
0.728000	0.363491
0.729000	0.364081
0.730000	0.364671
0.731000	0.365259
0.732000	0.365846
0.733000	0.366432
0.734000	0.367017
0.735000	0.367600
0.736000	0.368182
0.737000	0.368763
0.738000	0.369343
0.739000	0.369922
0.740000	0.370500
0.741000	0.371076
0.742000	0.371651
0.743000	0.372225
0.744000	0.372797
0.745000	0.373369
0.746000	0.373939
0.747000	0.374507
0.748000	0.375075
0.749000	0.375641
0.750000	0.376206
0.751000	0.376770
0.752000	0.377332
0.753000	0.377894
0.754000	0.378453
0.755000	0.379012
0.756000	0.379569
0.757000	0.380125
0.758000	0.380680
0.759000	0.381233
0.760000	0.381785
0.761000	0.382335
0.762000	0.382885
0.763000	0.383433
0.764000	0.383979
0.765000	0.384524
0.766000	0.385068
0.767000	0.385611
0.768000	0.386152
0.769000	0.386691
0.770000	0.387230
0.771000	0.387766
0.772000	0.388302
0.773000	0.388836
0.774000	0.389369
0.775000	0.389900
0.776000	0.390430
0.777000	0.390958
0.778000	0.391485
0.779000	0.392011
0.780000	0.392535
0.781000	0.393057
0.782000	0.393578
0.783000	0.394098
0.784000	0.394616
0.785000	0.395133
0.786000	0.395648
0.787000	0.396162
0.788000	0.396674
0.789000	0.397185
0.790000	0.397694
0.791000	0.398202
0.792000	0.398708
0.793000	0.399213
0.794000	0.399716
0.795000	0.400218
0.796000	0.400718
0.797000	0.401217
0.798000	0.401714
0.799000	0.402209
0.800000	0.402703
0.801000	0.403195
0.802000	0.403686
0.803000	0.404175
0.804000	0.404663
0.805000	0.405149
0.806000	0.405633
0.807000	0.406116
0.808000	0.406597
0.809000	0.407077
0.810000	0.407555
0.811000	0.408032
0.812000	0.408506
0.813000	0.408979
0.814000	0.409451
0.815000	0.409921
0.816000	0.410389
0.817000	0.410856
0.818000	0.411320
0.819000	0.411784
0.820000	0.412245
0.821000	0.412705
0.822000	0.413163
0.823000	0.413620
0.824000	0.414075
0.825000	0.414528
0.826000	0.414979
0.827000	0.415429
0.828000	0.415877
0.829000	0.416323
0.830000	0.416768
0.831000	0.417211
0.832000	0.417652
0.833000	0.418091
0.834000	0.418529
0.835000	0.418965
0.836000	0.419399
0.837000	0.419831
0.838000	0.420262
0.839000	0.420691
0.840000	0.421118
0.841000	0.421543
0.842000	0.421966
0.843000	0.422388
0.844000	0.422808
0.845000	0.423226
0.846000	0.423643
0.847000	0.424057
0.848000	0.424470
0.849000	0.424881
0.850000	0.425290
0.851000	0.425697
0.852000	0.426102
0.853000	0.426506
0.854000	0.426907
0.855000	0.427307
0.856000	0.427705
0.857000	0.428101
0.858000	0.428495
0.859000	0.428888
0.860000	0.429278
0.861000	0.429667
0.862000	0.430054
0.863000	0.430438
0.864000	0.430821
0.865000	0.431202
0.866000	0.431582
0.867000	0.431959
0.868000	0.432334
0.869000	0.432707
0.870000	0.433079
0.871000	0.433448
0.872000	0.433816
0.873000	0.434182
0.874000	0.434545
0.875000	0.434907
0.876000	0.435267
0.877000	0.435625
0.878000	0.435981
0.879000	0.436334
0.880000	0.436686
0.881000	0.437036
0.882000	0.437384
0.883000	0.437730
0.884000	0.438074
0.885000	0.438416
0.886000	0.438756
0.887000	0.439094
0.888000	0.439430
0.889000	0.439764
0.890000	0.440096
0.891000	0.440426
0.892000	0.440754
0.893000	0.441079
0.894000	0.441403
0.895000	0.441725
0.896000	0.442044
0.897000	0.442362
0.898000	0.442678
0.899000	0.442991
0.900000	0.443303
0.901000	0.443612
0.902000	0.443919
0.903000	0.444224
0.904000	0.444527
0.905000	0.444829
0.906000	0.445127
0.907000	0.445424
0.908000	0.445719
0.909000	0.446012
0.910000	0.446302
0.911000	0.446590
0.912000	0.446877
0.913000	0.447161
0.914000	0.447443
0.915000	0.447723
0.916000	0.448000
0.917000	0.448276
0.918000	0.448549
0.919000	0.448821
0.920000	0.449090
0.921000	0.449357
0.922000	0.449621
0.923000	0.449884
0.924000	0.450144
0.925000	0.450403
0.926000	0.450659
0.927000	0.450913
0.928000	0.451164
0.929000	0.451414
0.930000	0.451661
0.931000	0.451906
0.932000	0.452149
0.933000	0.452390
0.934000	0.452628
0.935000	0.452864
0.936000	0.453098
0.937000	0.453330
0.938000	0.453560
0.939000	0.453787
0.940000	0.454012
0.941000	0.454235
0.942000	0.454455
0.943000	0.454674
0.944000	0.454890
0.945000	0.455103
0.946000	0.455315
0.947000	0.455524
0.948000	0.455731
0.949000	0.455936
0.950000	0.456138
0.951000	0.456338
0.952000	0.456536
0.953000	0.456732
0.954000	0.456925
0.955000	0.457116
0.956000	0.457304
0.957000	0.457491
0.958000	0.457675
0.959000	0.457856
0.960000	0.458036
0.961000	0.458213
0.962000	0.458387
0.963000	0.458560
0.964000	0.458730
0.965000	0.458897
0.966000	0.459063
0.967000	0.459226
0.968000	0.459386
0.969000	0.459545
0.970000	0.459701
0.971000	0.459854
0.972000	0.460005
0.973000	0.460154
0.974000	0.460301
0.975000	0.460445
0.976000	0.460586
0.977000	0.460726
0.978000	0.460862
0.979000	0.460997
0.980000	0.461129
0.981000	0.461259
0.982000	0.461386
0.983000	0.461511
0.984000	0.461633
0.985000	0.461754
0.986000	0.461871
0.987000	0.461986
0.988000	0.462099
0.989000	0.462210
0.990000	0.462318
0.991000	0.462423
0.992000	0.462526
0.993000	0.462627
0.994000	0.462725
0.995000	0.462821
0.996000	0.462914
0.997000	0.463005
0.998000	0.463093
0.999000	0.463179
1.000000	0.463263
1.001000	0.463344
1.002000	0.463422
1.003000	0.463498
1.004000	0.463572
1.005000	0.463643
1.006000	0.463711
1.007000	0.463777
1.008000	0.463841
1.009000	0.463902
1.010000	0.463961
1.011000	0.464017
1.012000	0.464070
1.013000	0.464122
1.014000	0.464170
1.015000	0.464216
1.016000	0.464260
1.017000	0.464301
1.018000	0.464339
1.019000	0.464375
1.020000	0.464409
1.021000	0.464440
1.022000	0.464468
1.023000	0.464494
1.024000	0.464517
1.025000	0.464538
1.026000	0.464556
1.027000	0.464572
1.028000	0.464585
1.029000	0.464596
1.030000	0.464604
1.031000	0.464609
1.032000	0.464612
1.033000	0.464612
1.034000	0.464610
1.035000	0.464605
1.036000	0.464598
1.037000	0.464588
1.038000	0.464575
1.039000	0.464560
1.040000	0.464542
1.041000	0.464522
1.042000	0.464499
1.043000	0.464474
1.044000	0.464445
1.045000	0.464415
1.046000	0.464381
1.047000	0.464346
1.048000	0.464307
1.049000	0.464266
1.050000	0.464222
1.051000	0.464176
1.052000	0.464127
1.053000	0.464075
1.054000	0.464021
1.055000	0.463964
1.056000	0.463905
1.057000	0.463843
1.058000	0.463778
1.059000	0.463710
1.060000	0.463640
1.061000	0.463568
1.062000	0.463492
1.063000	0.463415
1.064000	0.463334
1.065000	0.463251
1.066000	0.463165
1.067000	0.463076
1.068000	0.462985
1.069000	0.462891
1.070000	0.462795
1.071000	0.462696
1.072000	0.462594
1.073000	0.462489
1.074000	0.462382
1.075000	0.462272
1.076000	0.462160
1.077000	0.462044
1.078000	0.461927
1.079000	0.461806
1.080000	0.461683
1.081000	0.461557
1.082000	0.461428
1.083000	0.461297
1.084000	0.461163
1.085000	0.461026
1.086000	0.460887
1.087000	0.460745
1.088000	0.460600
1.089000	0.460453
1.090000	0.460302
1.091000	0.460149
1.092000	0.459994
1.093000	0.459836
1.094000	0.459675
1.095000	0.459511
1.096000	0.459344
1.097000	0.459175
1.098000	0.459003
1.099000	0.458829
1.100000	0.458651
1.101000	0.458471
1.102000	0.458289
1.103000	0.458103
1.104000	0.457915
1.105000	0.457724
1.106000	0.457530
1.107000	0.457334
1.108000	0.457135
1.109000	0.456933
1.110000	0.456728
1.111000	0.456521
1.112000	0.456311
1.113000	0.456098
1.114000	0.455882
1.115000	0.455664
1.116000	0.455443
1.117000	0.455219
1.118000	0.454992
1.119000	0.454763
1.120000	0.454531
1.121000	0.454296
1.122000	0.454058
1.123000	0.453818
1.124000	0.453575
1.125000	0.453329
1.126000	0.453080
1.127000	0.452829
1.128000	0.452575
1.129000	0.452318
1.130000	0.452058
1.131000	0.451796
1.132000	0.451530
1.133000	0.451262
1.134000	0.450992
1.135000	0.450718
1.136000	0.450442
1.137000	0.450162
1.138000	0.449881
1.139000	0.449596
1.140000	0.449308
1.141000	0.449018
1.142000	0.448725
1.143000	0.448429
1.144000	0.448131
1.145000	0.447829
1.146000	0.447525
1.147000	0.447218
1.148000	0.446909
1.149000	0.446596
1.150000	0.446281
1.151000	0.445963
1.152000	0.445642
1.153000	0.445318
1.154000	0.444992
1.155000	0.444662
1.156000	0.444330
1.157000	0.443995
1.158000	0.443658
1.159000	0.443317
1.160000	0.442974
1.161000	0.442628
1.162000	0.442279
1.163000	0.441927
1.164000	0.441573
1.165000	0.441216
1.166000	0.440856
1.167000	0.440493
1.168000	0.440127
1.169000	0.439759
1.170000	0.439387
1.171000	0.439013
1.172000	0.438636
1.173000	0.438257
1.174000	0.437874
1.175000	0.437489
1.176000	0.437101
1.177000	0.436710
1.178000	0.436316
1.179000	0.435919
1.180000	0.435520
1.181000	0.435118
1.182000	0.434713
1.183000	0.434305
1.184000	0.433894
1.185000	0.433481
1.186000	0.433065
1.187000	0.432646
1.188000	0.432224
1.189000	0.431799
1.190000	0.431372
1.191000	0.430941
1.192000	0.430508
1.193000	0.430072
1.194000	0.429634
1.195000	0.429192
1.196000	0.428748
1.197000	0.428300
1.198000	0.427850
1.199000	0.427398
1.200000	0.426942
1.201000	0.426484
1.202000	0.426022
1.203000	0.425558
1.204000	0.425091
1.205000	0.424622
1.206000	0.424149
1.207000	0.423674
1.208000	0.423195
1.209000	0.422715
1.210000	0.422231
1.211000	0.421744
1.212000	0.421255
1.213000	0.420762
1.214000	0.420267
1.215000	0.419769
1.216000	0.419269
1.217000	0.418765
1.218000	0.418259
1.219000	0.417750
1.220000	0.417238
1.221000	0.416723
1.222000	0.416206
1.223000	0.415685
1.224000	0.415162
1.225000	0.414636
1.226000	0.414107
1.227000	0.413575
1.228000	0.413041
1.229000	0.412504
1.230000	0.411964
1.231000	0.411421
1.232000	0.410875
1.233000	0.410327
1.234000	0.409775
1.235000	0.409221
1.236000	0.408664
1.237000	0.408104
1.238000	0.407542
1.239000	0.406977
1.240000	0.406408
1.241000	0.405837
1.242000	0.405264
1.243000	0.404687
1.244000	0.404108
1.245000	0.403526
1.246000	0.402941
1.247000	0.402353
1.248000	0.401762
1.249000	0.401169
1.250000	0.400573
1.251000	0.399974
1.252000	0.399372
1.253000	0.398768
1.254000	0.398160
1.255000	0.397550
1.256000	0.396937
1.257000	0.396321
1.258000	0.395703
1.259000	0.395082
1.260000	0.394457
1.261000	0.393831
1.262000	0.393201
1.263000	0.392568
1.264000	0.391933
1.265000	0.391295
1.266000	0.390654
1.267000	0.390011
1.268000	0.389364
1.269000	0.388715
1.270000	0.388063
1.271000	0.387409
1.272000	0.386751
1.273000	0.386091
1.274000	0.385428
1.275000	0.384762
1.276000	0.384093
1.277000	0.383422
1.278000	0.382748
1.279000	0.382071
1.280000	0.381391
1.281000	0.380709
1.282000	0.380024
1.283000	0.379336
1.284000	0.378645
1.285000	0.377951
1.286000	0.377255
1.287000	0.376556
1.288000	0.375855
1.289000	0.375150
1.290000	0.374443
1.291000	0.373733
1.292000	0.373020
1.293000	0.372305
1.294000	0.371586
1.295000	0.370865
1.296000	0.370142
1.297000	0.369415
1.298000	0.368686
1.299000	0.367954
1.300000	0.367219
1.301000	0.366482
1.302000	0.365742
1.303000	0.364999
1.304000	0.364253
1.305000	0.363505
1.306000	0.362754
1.307000	0.362000
1.308000	0.361243
1.309000	0.360484
1.310000	0.359722
1.311000	0.358957
1.312000	0.358190
1.313000	0.357420
1.314000	0.356647
1.315000	0.355872
1.316000	0.355093
1.317000	0.354312
1.318000	0.353529
1.319000	0.352742
1.320000	0.351953
1.321000	0.351162
1.322000	0.350367
1.323000	0.349570
1.324000	0.348770
1.325000	0.347968
1.326000	0.347162
1.327000	0.346354
1.328000	0.345544
1.329000	0.344731
1.330000	0.343915
1.331000	0.343096
1.332000	0.342275
1.333000	0.341451
1.334000	0.340624
1.335000	0.339795
1.336000	0.338963
1.337000	0.338128
1.338000	0.337291
1.339000	0.336451
1.340000	0.335608
1.341000	0.334763
1.342000	0.333915
1.343000	0.333065
1.344000	0.332212
1.345000	0.331356
1.346000	0.330497
1.347000	0.329636
1.348000	0.328772
1.349000	0.327906
1.350000	0.327037
1.351000	0.326165
1.352000	0.325291
1.353000	0.324414
1.354000	0.323534
1.355000	0.322652
1.356000	0.321767
1.357000	0.320880
1.358000	0.319990
1.359000	0.319097
1.360000	0.318202
1.361000	0.317304
1.362000	0.316404
1.363000	0.315501
1.364000	0.314595
1.365000	0.313687
1.366000	0.312776
1.367000	0.311863
1.368000	0.310947
1.369000	0.310029
1.370000	0.309107
1.371000	0.308184
1.372000	0.307258
1.373000	0.306329
1.374000	0.305397
1.375000	0.304463
1.376000	0.303527
1.377000	0.302588
1.378000	0.301646
1.379000	0.300702
1.380000	0.299755
1.381000	0.298806
1.382000	0.297854
1.383000	0.296900
1.384000	0.295943
1.385000	0.294983
1.386000	0.294021
1.387000	0.293057
1.388000	0.292090
1.389000	0.291120
1.390000	0.290148
1.391000	0.289174
1.392000	0.288197
1.393000	0.287217
1.394000	0.286235
1.395000	0.285251
1.396000	0.284263
1.397000	0.283274
1.398000	0.282282
1.399000	0.281287
1.400000	0.280290
1.401000	0.279291
1.402000	0.278289
1.403000	0.277284
1.404000	0.276277
1.405000	0.275268
1.406000	0.274256
1.407000	0.273242
1.408000	0.272225
1.409000	0.271206
1.410000	0.270184
1.411000	0.269160
1.412000	0.268133
1.413000	0.267104
1.414000	0.266073
1.415000	0.265039
1.416000	0.264003
1.417000	0.262964
1.418000	0.261923
1.419000	0.260879
1.420000	0.259833
1.421000	0.258785
1.422000	0.257734
1.423000	0.256681
1.424000	0.255625
1.425000	0.254567
1.426000	0.253507
1.427000	0.252444
1.428000	0.251379
1.429000	0.250312
1.430000	0.249242
1.431000	0.248169
1.432000	0.247095
1.433000	0.246018
1.434000	0.244938
1.435000	0.243857
1.436000	0.242773
1.437000	0.241686
1.438000	0.240597
1.439000	0.239506
1.440000	0.238413
1.441000	0.237317
1.442000	0.236219
1.443000	0.235119
1.444000	0.234016
1.445000	0.232911
1.446000	0.231803
1.447000	0.230694
1.448000	0.229582
1.449000	0.228467
1.450000	0.227351
1.451000	0.226232
1.452000	0.225111
1.453000	0.223987
1.454000	0.222862
1.455000	0.221734
1.456000	0.220603
1.457000	0.219471
1.458000	0.218336
1.459000	0.217199
1.460000	0.216060
1.461000	0.214918
1.462000	0.213774
1.463000	0.212628
1.464000	0.211480
1.465000	0.210330
1.466000	0.209177
1.467000	0.208022
1.468000	0.206865
1.469000	0.205705
1.470000	0.204544
1.471000	0.203380
1.472000	0.202214
1.473000	0.201046
1.474000	0.199876
1.475000	0.198703
1.476000	0.197528
1.477000	0.196351
1.478000	0.195172
1.479000	0.193991
1.480000	0.192808
1.481000	0.191622
1.482000	0.190434
1.483000	0.189244
1.484000	0.188052
1.485000	0.186858
1.486000	0.185662
1.487000	0.184464
1.488000	0.183263
1.489000	0.182060
1.490000	0.180856
1.491000	0.179649
1.492000	0.178440
1.493000	0.177229
1.494000	0.176015
1.495000	0.174800
1.496000	0.173583
1.497000	0.172363
1.498000	0.171142
1.499000	0.169918
1.500000	0.168692
1.501000	0.167465
1.502000	0.166235
1.503000	0.165003
1.504000	0.163769
1.505000	0.162533
1.506000	0.161295
1.507000	0.160055
1.508000	0.158813
1.509000	0.157569
1.510000	0.156323
1.511000	0.155075
1.512000	0.153825
1.513000	0.152573
1.514000	0.151319
1.515000	0.150063
1.516000	0.148805
1.517000	0.147545
1.518000	0.146283
1.519000	0.145019
1.520000	0.143753
1.521000	0.142485
1.522000	0.141215
1.523000	0.139943
1.524000	0.138669
1.525000	0.137393
1.526000	0.136116
1.527000	0.134836
1.528000	0.133555
1.529000	0.132271
1.530000	0.130986
1.531000	0.129699
1.532000	0.128410
1.533000	0.127119
1.534000	0.125826
1.535000	0.124531
1.536000	0.123234
1.537000	0.121936
1.538000	0.120635
1.539000	0.119333
1.540000	0.118029
1.541000	0.116723
1.542000	0.115415
1.543000	0.114105
1.544000	0.112794
1.545000	0.111480
1.546000	0.110165
1.547000	0.108848
1.548000	0.107529
1.549000	0.106209
1.550000	0.104886
1.551000	0.103562
1.552000	0.102236
1.553000	0.100908
1.554000	0.099579
1.555000	0.098247
1.556000	0.096914
1.557000	0.095579
1.558000	0.094243
1.559000	0.092904
1.560000	0.091564
1.561000	0.090222
1.562000	0.088879
1.563000	0.087533
1.564000	0.086186
1.565000	0.084837
1.566000	0.083487
1.567000	0.082135
1.568000	0.080781
1.569000	0.079425
1.570000	0.078068
1.571000	0.076709
1.572000	0.075348
1.573000	0.073986
1.574000	0.072622
1.575000	0.071256
1.576000	0.069889
1.577000	0.068520
1.578000	0.067150
1.579000	0.065777
1.580000	0.064403
1.581000	0.063028
1.582000	0.061651
1.583000	0.060272
1.584000	0.058892
1.585000	0.057510
1.586000	0.056127
1.587000	0.054742
1.588000	0.053355
1.589000	0.051967
1.590000	0.050577
1.591000	0.049186
1.592000	0.047793
1.593000	0.046398
1.594000	0.045002
1.595000	0.043605
1.596000	0.042206
1.597000	0.040805
1.598000	0.039403
1.599000	0.037999
1.600000	0.036594
1.601000	0.035187
1.602000	0.033779
1.603000	0.032370
1.604000	0.030959
1.605000	0.029546
1.606000	0.028132
1.607000	0.026717
1.608000	0.025300
1.609000	0.023881
1.610000	0.022461
1.611000	0.021040
1.612000	0.019617
1.613000	0.018193
1.614000	0.016768
1.615000	0.015341
1.616000	0.013912
1.617000	0.012483
1.618000	0.011052
1.619000	0.009619
1.620000	0.008185
1.621000	0.006750
1.622000	0.005313
1.623000	0.003875
1.624000	0.002436
1.625000	0.000995
1.626000	-0.000447
1.627000	-0.001890
1.628000	-0.003335
1.629000	-0.004781
1.630000	-0.006228
1.631000	-0.007677
1.632000	-0.009127
1.633000	-0.010578
1.634000	-0.012031
1.635000	-0.013485
1.636000	-0.014940
1.637000	-0.016396
1.638000	-0.017854
1.639000	-0.019313
1.640000	-0.020773
1.641000	-0.022234
1.642000	-0.023697
1.643000	-0.025160
1.644000	-0.026625
1.645000	-0.028092
1.646000	-0.029559
1.647000	-0.031028
1.648000	-0.032498
1.649000	-0.033969
1.650000	-0.035441
1.651000	-0.036914
1.652000	-0.038389
1.653000	-0.039865
1.654000	-0.041341
1.655000	-0.042819
1.656000	-0.044299
1.657000	-0.045779
1.658000	-0.047260
1.659000	-0.048743
1.660000	-0.050226
1.661000	-0.051711
1.662000	-0.053197
1.663000	-0.054684
1.664000	-0.056172
1.665000	-0.057661
1.666000	-0.059151
1.667000	-0.060642
1.668000	-0.062135
1.669000	-0.063628
1.670000	-0.065122
1.671000	-0.066618
1.672000	-0.068114
1.673000	-0.069612
1.674000	-0.071110
1.675000	-0.072610
1.676000	-0.074110
1.677000	-0.075612
1.678000	-0.077114
1.679000	-0.078618
1.680000	-0.080122
1.681000	-0.081627
1.682000	-0.083134
1.683000	-0.084641
1.684000	-0.086149
1.685000	-0.087658
1.686000	-0.089168
1.687000	-0.090679
1.688000	-0.092191
1.689000	-0.093704
1.690000	-0.095218
1.691000	-0.096733
1.692000	-0.098248
1.693000	-0.099765
1.694000	-0.101282
1.695000	-0.102800
1.696000	-0.104319
1.697000	-0.105839
1.698000	-0.107359
1.699000	-0.108881
1.700000	-0.110403
1.701000	-0.111927
1.702000	-0.113451
1.703000	-0.114975
1.704000	-0.116501
1.705000	-0.118027
1.706000	-0.119555
1.707000	-0.121082
1.708000	-0.122611
1.709000	-0.124141
1.710000	-0.125671
1.711000	-0.127202
1.712000	-0.128734
1.713000	-0.130266
1.714000	-0.131799
1.715000	-0.133333
1.716000	-0.134868
1.717000	-0.136403
1.718000	-0.137939
1.719000	-0.139476
1.720000	-0.141013
1.721000	-0.142552
1.722000	-0.144090
1.723000	-0.145630
1.724000	-0.147170
1.725000	-0.148711
1.726000	-0.150252
1.727000	-0.151794
1.728000	-0.153336
1.729000	-0.154880
1.730000	-0.156424
1.731000	-0.157968
1.732000	-0.159513
1.733000	-0.161059
1.734000	-0.162605
1.735000	-0.164152
1.736000	-0.165699
1.737000	-0.167247
1.738000	-0.168795
1.739000	-0.170344
1.740000	-0.171894
1.741000	-0.173444
1.742000	-0.174994
1.743000	-0.176545
1.744000	-0.178097
1.745000	-0.179649
1.746000	-0.181202
1.747000	-0.182755
1.748000	-0.184308
1.749000	-0.185862
1.750000	-0.187417
1.751000	-0.188972
1.752000	-0.190527
1.753000	-0.192083
1.754000	-0.193639
1.755000	-0.195195
1.756000	-0.196753
1.757000	-0.198310
1.758000	-0.199868
1.759000	-0.201426
1.760000	-0.202985
1.761000	-0.204544
1.762000	-0.206103
1.763000	-0.207663
1.764000	-0.209223
1.765000	-0.210783
1.766000	-0.212344
1.767000	-0.213905
1.768000	-0.215466
1.769000	-0.217028
1.770000	-0.218590
1.771000	-0.220152
1.772000	-0.221715
1.773000	-0.223278
1.774000	-0.224841
1.775000	-0.226405
1.776000	-0.227968
1.777000	-0.229532
1.778000	-0.231096
1.779000	-0.232661
1.780000	-0.234226
1.781000	-0.235790
1.782000	-0.237355
1.783000	-0.238921
1.784000	-0.240486
1.785000	-0.242052
1.786000	-0.243618
1.787000	-0.245184
1.788000	-0.246750
1.789000	-0.248316
1.790000	-0.249883
1.791000	-0.251450
1.792000	-0.253016
1.793000	-0.254583
1.794000	-0.256150
1.795000	-0.257718
1.796000	-0.259285
1.797000	-0.260852
1.798000	-0.262420
1.799000	-0.263987
1.800000	-0.265555
1.801000	-0.267123
1.802000	-0.268690
1.803000	-0.270258
1.804000	-0.271826
1.805000	-0.273394
1.806000	-0.274962
1.807000	-0.276530
1.808000	-0.278097
1.809000	-0.279665
1.810000	-0.281233
1.811000	-0.282801
1.812000	-0.284369
1.813000	-0.285937
1.814000	-0.287505
1.815000	-0.289073
1.816000	-0.290640
1.817000	-0.292208
1.818000	-0.293775
1.819000	-0.295343
1.820000	-0.296910
1.821000	-0.298478
1.822000	-0.300045
1.823000	-0.301612
1.824000	-0.303179
1.825000	-0.304746
1.826000	-0.306313
1.827000	-0.307879
1.828000	-0.309446
1.829000	-0.311012
1.830000	-0.312578
1.831000	-0.314144
1.832000	-0.315710
1.833000	-0.317276
1.834000	-0.318841
1.835000	-0.320407
1.836000	-0.321972
1.837000	-0.323536
1.838000	-0.325101
1.839000	-0.326665
1.840000	-0.328229
1.841000	-0.329793
1.842000	-0.331357
1.843000	-0.332920
1.844000	-0.334483
1.845000	-0.336046
1.846000	-0.337609
1.847000	-0.339171
1.848000	-0.340733
1.849000	-0.342294
1.850000	-0.343856
1.851000	-0.345416
1.852000	-0.346977
1.853000	-0.348537
1.854000	-0.350097
1.855000	-0.351657
1.856000	-0.353216
1.857000	-0.354775
1.858000	-0.356333
1.859000	-0.357891
1.860000	-0.359449
1.861000	-0.361006
1.862000	-0.362563
1.863000	-0.364119
1.864000	-0.365675
1.865000	-0.367230
1.866000	-0.368785
1.867000	-0.370340
1.868000	-0.371894
1.869000	-0.373448
1.870000	-0.375001
1.871000	-0.376554
1.872000	-0.378106
1.873000	-0.379657
1.874000	-0.381209
1.875000	-0.382759
1.876000	-0.384309
1.877000	-0.385859
1.878000	-0.387408
1.879000	-0.388957
1.880000	-0.390504
1.881000	-0.392052
1.882000	-0.393599
1.883000	-0.395145
1.884000	-0.396690
1.885000	-0.398235
1.886000	-0.399780
1.887000	-0.401324
1.888000	-0.402867
1.889000	-0.404409
1.890000	-0.405951
1.891000	-0.407492
1.892000	-0.409033
1.893000	-0.410573
1.894000	-0.412112
1.895000	-0.413651
1.896000	-0.415189
1.897000	-0.416726
1.898000	-0.418262
1.899000	-0.419798
1.900000	-0.421333
1.901000	-0.422867
1.902000	-0.424401
1.903000	-0.425934
1.904000	-0.427466
1.905000	-0.428997
1.906000	-0.430528
1.907000	-0.432058
1.908000	-0.433587
1.909000	-0.435115
1.910000	-0.436642
1.911000	-0.438169
1.912000	-0.439695
1.913000	-0.441220
1.914000	-0.442744
1.915000	-0.444267
1.916000	-0.445789
1.917000	-0.447311
1.918000	-0.448832
1.919000	-0.450352
1.920000	-0.451871
1.921000	-0.453389
1.922000	-0.454906
1.923000	-0.456422
1.924000	-0.457938
1.925000	-0.459452
1.926000	-0.460966
1.927000	-0.462478
1.928000	-0.463990
1.929000	-0.465501
1.930000	-0.467010
1.931000	-0.468519
1.932000	-0.470027
1.933000	-0.471534
1.934000	-0.473040
1.935000	-0.474545
1.936000	-0.476048
1.937000	-0.477551
1.938000	-0.479053
1.939000	-0.480554
1.940000	-0.482054
1.941000	-0.483552
1.942000	-0.485050
1.943000	-0.486547
1.944000	-0.488042
1.945000	-0.489537
1.946000	-0.491030
1.947000	-0.492522
1.948000	-0.494013
1.949000	-0.495503
1.950000	-0.496992
1.951000	-0.498480
1.952000	-0.499967
1.953000	-0.501452
1.954000	-0.502937
1.955000	-0.504420
1.956000	-0.505902
1.957000	-0.507383
1.958000	-0.508863
1.959000	-0.510341
1.960000	-0.511819
1.961000	-0.513295
1.962000	-0.514770
1.963000	-0.516243
1.964000	-0.517716
1.965000	-0.519187
1.966000	-0.520657
1.967000	-0.522126
1.968000	-0.523594
1.969000	-0.525060
1.970000	-0.526525
1.971000	-0.527988
1.972000	-0.529451
1.973000	-0.530912
1.974000	-0.532372
1.975000	-0.533830
1.976000	-0.535287
1.977000	-0.536743
1.978000	-0.538198
1.979000	-0.539651
1.980000	-0.541103
1.981000	-0.542553
1.982000	-0.544002
1.983000	-0.545450
1.984000	-0.546896
1.985000	-0.548341
1.986000	-0.549785
1.987000	-0.551227
1.988000	-0.552668
1.989000	-0.554107
1.990000	-0.555545
1.991000	-0.556981
1.992000	-0.558416
1.993000	-0.559850
1.994000	-0.561282
1.995000	-0.562712
1.996000	-0.564142
1.997000	-0.565569
1.998000	-0.566995
1.999000	-0.568420
2.000000	-0.569843
2.001000	-0.571265
2.002000	-0.572685
2.003000	-0.574104
2.004000	-0.575521
2.005000	-0.576936
2.006000	-0.578350
2.007000	-0.579763
2.008000	-0.581173
2.009000	-0.582583
2.010000	-0.583990
2.011000	-0.585397
2.012000	-0.586801
2.013000	-0.588204
2.014000	-0.589605
2.015000	-0.591005
2.016000	-0.592403
2.017000	-0.593799
2.018000	-0.595194
2.019000	-0.596587
2.020000	-0.597979
2.021000	-0.599368
2.022000	-0.600757
2.023000	-0.602143
2.024000	-0.603528
2.025000	-0.604911
2.026000	-0.606292
2.027000	-0.607672
2.028000	-0.609050
2.029000	-0.610426
2.030000	-0.611800
2.031000	-0.613173
2.032000	-0.614544
2.033000	-0.615913
2.034000	-0.617281
2.035000	-0.618646
2.036000	-0.620010
2.037000	-0.621373
2.038000	-0.622733
2.039000	-0.624091
2.040000	-0.625448
2.041000	-0.626803
2.042000	-0.628156
2.043000	-0.629507
2.044000	-0.630857
2.045000	-0.632204
2.046000	-0.633550
2.047000	-0.634894
2.048000	-0.636236
2.049000	-0.637576
2.050000	-0.638914
2.051000	-0.640251
2.052000	-0.641585
2.053000	-0.642918
2.054000	-0.644248
2.055000	-0.645577
2.056000	-0.646904
2.057000	-0.648229
2.058000	-0.649552
2.059000	-0.650873
2.060000	-0.652192
2.061000	-0.653509
2.062000	-0.654824
2.063000	-0.656137
2.064000	-0.657448
2.065000	-0.658757
2.066000	-0.660064
2.067000	-0.661369
2.068000	-0.662672
2.069000	-0.663974
2.070000	-0.665273
2.071000	-0.666570
2.072000	-0.667865
2.073000	-0.669158
2.074000	-0.670449
2.075000	-0.671737
2.076000	-0.673024
2.077000	-0.674309
2.078000	-0.675591
2.079000	-0.676872
2.080000	-0.678150
2.081000	-0.679427
2.082000	-0.680701
2.083000	-0.681973
2.084000	-0.683243
2.085000	-0.684511
2.086000	-0.685776
2.087000	-0.687040
2.088000	-0.688301
2.089000	-0.689560
2.090000	-0.690817
2.091000	-0.692072
2.092000	-0.693325
2.093000	-0.694575
2.094000	-0.695824
2.095000	-0.697070
2.096000	-0.698314
2.097000	-0.699555
2.098000	-0.700795
2.099000	-0.702032
2.100000	-0.703267
2.101000	-0.704499
2.102000	-0.705730
2.103000	-0.706958
2.104000	-0.708184
2.105000	-0.709408
2.106000	-0.710629
2.107000	-0.711848
2.108000	-0.713065
2.109000	-0.714279
2.110000	-0.715492
2.111000	-0.716701
2.112000	-0.717909
2.113000	-0.719114
2.114000	-0.720317
2.115000	-0.721518
2.116000	-0.722716
2.117000	-0.723912
2.118000	-0.725105
2.119000	-0.726296
2.120000	-0.727485
2.121000	-0.728671
2.122000	-0.729855
2.123000	-0.731037
2.124000	-0.732216
2.125000	-0.733392
2.126000	-0.734567
2.127000	-0.735739
2.128000	-0.736908
2.129000	-0.738075
2.130000	-0.739240
2.131000	-0.740402
2.132000	-0.741562
2.133000	-0.742719
2.134000	-0.743874
2.135000	-0.745026
2.136000	-0.746176
2.137000	-0.747323
2.138000	-0.748468
2.139000	-0.749610
2.140000	-0.750750
2.141000	-0.751887
2.142000	-0.753022
2.143000	-0.754154
2.144000	-0.755284
2.145000	-0.756411
2.146000	-0.757536
2.147000	-0.758658
2.148000	-0.759777
2.149000	-0.760894
2.150000	-0.762008
2.151000	-0.763120
2.152000	-0.764229
2.153000	-0.765336
2.154000	-0.766440
2.155000	-0.767541
2.156000	-0.768640
2.157000	-0.769736
2.158000	-0.770830
2.159000	-0.771921
2.160000	-0.773009
2.161000	-0.774095
2.162000	-0.775177
2.163000	-0.776258
2.164000	-0.777335
2.165000	-0.778410
2.166000	-0.779483
2.167000	-0.780552
2.168000	-0.781619
2.169000	-0.782684
2.170000	-0.783745
2.171000	-0.784804
2.172000	-0.785860
2.173000	-0.786914
2.174000	-0.787964
2.175000	-0.789012
2.176000	-0.790057
2.177000	-0.791100
2.178000	-0.792140
2.179000	-0.793177
2.180000	-0.794211
2.181000	-0.795242
2.182000	-0.796271
2.183000	-0.797297
2.184000	-0.798320
2.185000	-0.799340
2.186000	-0.800358
2.187000	-0.801373
2.188000	-0.802384
2.189000	-0.803394
2.190000	-0.804400
2.191000	-0.805403
2.192000	-0.806404
2.193000	-0.807402
2.194000	-0.808397
2.195000	-0.809389
2.196000	-0.810378
2.197000	-0.811364
2.198000	-0.812348
2.199000	-0.813329
2.200000	-0.814306
2.201000	-0.815281
2.202000	-0.816253
2.203000	-0.817222
2.204000	-0.818188
2.205000	-0.819152
2.206000	-0.820112
2.207000	-0.821069
2.208000	-0.822024
2.209000	-0.822976
2.210000	-0.823924
2.211000	-0.824870
2.212000	-0.825813
2.213000	-0.826752
2.214000	-0.827689
2.215000	-0.828623
2.216000	-0.829554
2.217000	-0.830482
2.218000	-0.831407
2.219000	-0.832329
2.220000	-0.833248
2.221000	-0.834164
2.222000	-0.835077
2.223000	-0.835987
2.224000	-0.836894
2.225000	-0.837798
2.226000	-0.838699
2.227000	-0.839597
2.228000	-0.840491
2.229000	-0.841383
2.230000	-0.842272
2.231000	-0.843158
2.232000	-0.844040
2.233000	-0.844920
2.234000	-0.845796
2.235000	-0.846670
2.236000	-0.847540
2.237000	-0.848408
2.238000	-0.849272
2.239000	-0.850133
2.240000	-0.850991
2.241000	-0.851846
2.242000	-0.852698
2.243000	-0.853546
2.244000	-0.854392
2.245000	-0.855234
2.246000	-0.856073
2.247000	-0.856910
2.248000	-0.857743
2.249000	-0.858572
2.250000	-0.859399
2.251000	-0.860223
2.252000	-0.861043
2.253000	-0.861860
2.254000	-0.862674
2.255000	-0.863485
2.256000	-0.864293
2.257000	-0.865098
2.258000	-0.865899
2.259000	-0.866697
2.260000	-0.867492
2.261000	-0.868284
2.262000	-0.869072
2.263000	-0.869857
2.264000	-0.870639
2.265000	-0.871418
2.266000	-0.872194
2.267000	-0.872966
2.268000	-0.873735
2.269000	-0.874501
2.270000	-0.875264
2.271000	-0.876023
2.272000	-0.876780
2.273000	-0.877532
2.274000	-0.878282
2.275000	-0.879028
2.276000	-0.879771
2.277000	-0.880511
2.278000	-0.881248
2.279000	-0.881981
2.280000	-0.882711
2.281000	-0.883437
2.282000	-0.884160
2.283000	-0.884880
2.284000	-0.885597
2.285000	-0.886310
2.286000	-0.887020
2.287000	-0.887727
2.288000	-0.888430
2.289000	-0.889130
2.290000	-0.889827
2.291000	-0.890520
2.292000	-0.891210
2.293000	-0.891897
2.294000	-0.892580
2.295000	-0.893260
2.296000	-0.893937
2.297000	-0.894610
2.298000	-0.895279
2.299000	-0.895946
2.300000	-0.896609
2.301000	-0.897268
2.302000	-0.897925
2.303000	-0.898577
2.304000	-0.899227
2.305000	-0.899873
2.306000	-0.900515
2.307000	-0.901155
2.308000	-0.901790
2.309000	-0.902423
2.310000	-0.903052
2.311000	-0.903677
2.312000	-0.904299
2.313000	-0.904918
2.314000	-0.905533
2.315000	-0.906144
2.316000	-0.906753
2.317000	-0.907357
2.318000	-0.907959
2.319000	-0.908557
2.320000	-0.909151
2.321000	-0.909742
2.322000	-0.910329
2.323000	-0.910913
2.324000	-0.911494
2.325000	-0.912071
2.326000	-0.912644
2.327000	-0.913214
2.328000	-0.913781
2.329000	-0.914344
2.330000	-0.914903
2.331000	-0.915459
2.332000	-0.916011
2.333000	-0.916560
2.334000	-0.917106
2.335000	-0.917648
2.336000	-0.918186
2.337000	-0.918721
2.338000	-0.919252
2.339000	-0.919780
2.340000	-0.920304
2.341000	-0.920825
2.342000	-0.921342
2.343000	-0.921855
2.344000	-0.922365
2.345000	-0.922872
2.346000	-0.923374
2.347000	-0.923874
2.348000	-0.924369
2.349000	-0.924861
2.350000	-0.925350
2.351000	-0.925835
2.352000	-0.926316
2.353000	-0.926794
2.354000	-0.927268
2.355000	-0.927739
2.356000	-0.928206
2.357000	-0.928669
2.358000	-0.929129
2.359000	-0.929585
2.360000	-0.930038
2.361000	-0.930486
2.362000	-0.930932
2.363000	-0.931373
2.364000	-0.931811
2.365000	-0.932246
2.366000	-0.932677
2.367000	-0.933104
2.368000	-0.933527
2.369000	-0.933947
2.370000	-0.934363
2.371000	-0.934776
2.372000	-0.935185
2.373000	-0.935590
2.374000	-0.935992
2.375000	-0.936390
2.376000	-0.936784
2.377000	-0.937174
2.378000	-0.937561
2.379000	-0.937945
2.380000	-0.938324
2.381000	-0.938700
2.382000	-0.939072
2.383000	-0.939441
2.384000	-0.939806
2.385000	-0.940167
2.386000	-0.940524
2.387000	-0.940878
2.388000	-0.941228
2.389000	-0.941574
2.390000	-0.941917
2.391000	-0.942256
2.392000	-0.942591
2.393000	-0.942923
2.394000	-0.943251
2.395000	-0.943575
2.396000	-0.943895
2.397000	-0.944212
2.398000	-0.944525
2.399000	-0.944834
2.400000	-0.945139
2.401000	-0.945441
2.402000	-0.945739
2.403000	-0.946033
2.404000	-0.946324
2.405000	-0.946611
2.406000	-0.946894
2.407000	-0.947173
2.408000	-0.947448
2.409000	-0.947720
2.410000	-0.947988
2.411000	-0.948252
2.412000	-0.948513
2.413000	-0.948770
2.414000	-0.949023
2.415000	-0.949272
2.416000	-0.949517
2.417000	-0.949759
2.418000	-0.949997
2.419000	-0.950231
2.420000	-0.950461
2.421000	-0.950688
2.422000	-0.950910
2.423000	-0.951129
2.424000	-0.951345
2.425000	-0.951556
2.426000	-0.951763
2.427000	-0.951967
2.428000	-0.952167
2.429000	-0.952364
2.430000	-0.952556
2.431000	-0.952745
2.432000	-0.952929
2.433000	-0.953110
2.434000	-0.953288
2.435000	-0.953461
2.436000	-0.953631
2.437000	-0.953796
2.438000	-0.953958
2.439000	-0.954116
2.440000	-0.954271
2.441000	-0.954421
2.442000	-0.954568
2.443000	-0.954711
2.444000	-0.954850
2.445000	-0.954985
2.446000	-0.955116
2.447000	-0.955244
2.448000	-0.955367
2.449000	-0.955487
2.450000	-0.955603
2.451000	-0.955716
2.452000	-0.955824
2.453000	-0.955928
2.454000	-0.956029
2.455000	-0.956126
2.456000	-0.956219
2.457000	-0.956308
2.458000	-0.956393
2.459000	-0.956475
2.460000	-0.956552
2.461000	-0.956626
2.462000	-0.956696
2.463000	-0.956762
2.464000	-0.956824
2.465000	-0.956882
2.466000	-0.956937
2.467000	-0.956987
2.468000	-0.957034
2.469000	-0.957077
2.470000	-0.957116
2.471000	-0.957151
2.472000	-0.957182
2.473000	-0.957210
2.474000	-0.957233
2.475000	-0.957253
2.476000	-0.957269
2.477000	-0.957281
2.478000	-0.957289
2.479000	-0.957293
2.480000	-0.957293
2.481000	-0.957290
2.482000	-0.957282
2.483000	-0.957271
2.484000	-0.957256
2.485000	-0.957237
2.486000	-0.957214
2.487000	-0.957187
2.488000	-0.957156
2.489000	-0.957121
2.490000	-0.957083
2.491000	-0.957040
2.492000	-0.956994
2.493000	-0.956944
2.494000	-0.956890
2.495000	-0.956832
2.496000	-0.956770
2.497000	-0.956704
2.498000	-0.956635
2.499000	-0.956561
2.500000	-0.956484
2.501000	-0.956403
2.502000	-0.956317
2.503000	-0.956228
2.504000	-0.956135
2.505000	-0.956038
2.506000	-0.955938
2.507000	-0.955833
2.508000	-0.955724
2.509000	-0.955612
2.510000	-0.955496
2.511000	-0.955375
2.512000	-0.955251
2.513000	-0.955123
2.514000	-0.954991
2.515000	-0.954855
2.516000	-0.954716
2.517000	-0.954572
2.518000	-0.954424
2.519000	-0.954273
2.520000	-0.954118
2.521000	-0.953958
2.522000	-0.953795
2.523000	-0.953628
2.524000	-0.953457
2.525000	-0.953282
2.526000	-0.953104
2.527000	-0.952921
2.528000	-0.952734
2.529000	-0.952544
2.530000	-0.952349
2.531000	-0.952151
2.532000	-0.951949
2.533000	-0.951743
2.534000	-0.951533
2.535000	-0.951319
2.536000	-0.951101
2.537000	-0.950880
2.538000	-0.950654
2.539000	-0.950424
2.540000	-0.950191
2.541000	-0.949954
2.542000	-0.949713
2.543000	-0.949467
2.544000	-0.949218
2.545000	-0.948966
2.546000	-0.948709
2.547000	-0.948448
2.548000	-0.948183
2.549000	-0.947915
2.550000	-0.947643
2.551000	-0.947366
2.552000	-0.947086
2.553000	-0.946802
2.554000	-0.946514
2.555000	-0.946222
2.556000	-0.945926
2.557000	-0.945627
2.558000	-0.945323
2.559000	-0.945016
2.560000	-0.944704
2.561000	-0.944389
2.562000	-0.944070
2.563000	-0.943747
2.564000	-0.943420
2.565000	-0.943089
2.566000	-0.942754
2.567000	-0.942416
2.568000	-0.942073
2.569000	-0.941727
2.570000	-0.941376
2.571000	-0.941022
2.572000	-0.940664
2.573000	-0.940302
2.574000	-0.939936
2.575000	-0.939567
2.576000	-0.939193
2.577000	-0.938815
2.578000	-0.938434
2.579000	-0.938049
2.580000	-0.937660
2.581000	-0.937267
2.582000	-0.936870
2.583000	-0.936469
2.584000	-0.936064
2.585000	-0.935656
2.586000	-0.935244
2.587000	-0.934827
2.588000	-0.934407
2.589000	-0.933983
2.590000	-0.933555
2.591000	-0.933124
2.592000	-0.932688
2.593000	-0.932248
2.594000	-0.931805
2.595000	-0.931358
2.596000	-0.930907
2.597000	-0.930452
2.598000	-0.929993
2.599000	-0.929530
2.600000	-0.929064
2.601000	-0.928594
2.602000	-0.928119
2.603000	-0.927641
2.604000	-0.927159
2.605000	-0.926674
2.606000	-0.926184
2.607000	-0.925691
2.608000	-0.925193
2.609000	-0.924692
2.610000	-0.924187
2.611000	-0.923678
2.612000	-0.923166
2.613000	-0.922649
2.614000	-0.922129
2.615000	-0.921604
2.616000	-0.921076
2.617000	-0.920545
2.618000	-0.920009
2.619000	-0.919469
2.620000	-0.918926
2.621000	-0.918379
2.622000	-0.917828
2.623000	-0.917273
2.624000	-0.916714
2.625000	-0.916152
2.626000	-0.915586
2.627000	-0.915016
2.628000	-0.914442
2.629000	-0.913864
2.630000	-0.913283
2.631000	-0.912697
2.632000	-0.912108
2.633000	-0.911515
2.634000	-0.910919
2.635000	-0.910318
2.636000	-0.909714
2.637000	-0.909106
2.638000	-0.908494
2.639000	-0.907878
2.640000	-0.907259
2.641000	-0.906635
2.642000	-0.906008
2.643000	-0.905377
2.644000	-0.904743
2.645000	-0.904104
2.646000	-0.903462
2.647000	-0.902816
2.648000	-0.902167
2.649000	-0.901513
2.650000	-0.900856
2.651000	-0.900195
2.652000	-0.899530
2.653000	-0.898862
2.654000	-0.898189
2.655000	-0.897513
2.656000	-0.896833
2.657000	-0.896150
2.658000	-0.895463
2.659000	-0.894772
2.660000	-0.894077
2.661000	-0.893378
2.662000	-0.892676
2.663000	-0.891970
2.664000	-0.891260
2.665000	-0.890547
2.666000	-0.889830
2.667000	-0.889109
2.668000	-0.888384
2.669000	-0.887656
2.670000	-0.886924
2.671000	-0.886188
2.672000	-0.885449
2.673000	-0.884706
2.674000	-0.883959
2.675000	-0.883208
2.676000	-0.882454
2.677000	-0.881696
2.678000	-0.880934
2.679000	-0.880169
2.680000	-0.879400
2.681000	-0.878627
2.682000	-0.877851
2.683000	-0.877071
2.684000	-0.876287
2.685000	-0.875499
2.686000	-0.874708
2.687000	-0.873914
2.688000	-0.873115
2.689000	-0.872313
2.690000	-0.871507
2.691000	-0.870698
2.692000	-0.869885
2.693000	-0.869068
2.694000	-0.868248
2.695000	-0.867424
2.696000	-0.866596
2.697000	-0.865765
2.698000	-0.864930
2.699000	-0.864091
2.700000	-0.863249
2.701000	-0.862403
2.702000	-0.861554
2.703000	-0.860701
2.704000	-0.859844
2.705000	-0.858984
2.706000	-0.858120
2.707000	-0.857253
2.708000	-0.856382
2.709000	-0.855507
2.710000	-0.854629
2.711000	-0.853747
2.712000	-0.852862
2.713000	-0.851973
2.714000	-0.851080
2.715000	-0.850184
2.716000	-0.849284
2.717000	-0.848381
2.718000	-0.847474
2.719000	-0.846564
2.720000	-0.845650
2.721000	-0.844732
2.722000	-0.843811
2.723000	-0.842886
2.724000	-0.841958
2.725000	-0.841026
2.726000	-0.840091
2.727000	-0.839152
2.728000	-0.838210
2.729000	-0.837264
2.730000	-0.836315
2.731000	-0.835362
2.732000	-0.834406
2.733000	-0.833446
2.734000	-0.832482
2.735000	-0.831516
2.736000	-0.830545
2.737000	-0.829571
2.738000	-0.828594
2.739000	-0.827613
2.740000	-0.826629
2.741000	-0.825641
2.742000	-0.824650
2.743000	-0.823655
2.744000	-0.822657
2.745000	-0.821655
2.746000	-0.820650
2.747000	-0.819641
2.748000	-0.818629
2.749000	-0.817614
2.750000	-0.816595
2.751000	-0.815573
2.752000	-0.814547
2.753000	-0.813518
2.754000	-0.812485
2.755000	-0.811449
2.756000	-0.810409
2.757000	-0.809367
2.758000	-0.808320
2.759000	-0.807271
2.760000	-0.806218
2.761000	-0.805161
2.762000	-0.804101
2.763000	-0.803038
2.764000	-0.801971
2.765000	-0.800901
2.766000	-0.799828
2.767000	-0.798751
2.768000	-0.797671
2.769000	-0.796588
2.770000	-0.795501
2.771000	-0.794411
2.772000	-0.793317
2.773000	-0.792220
2.774000	-0.791120
2.775000	-0.790017
2.776000	-0.788910
2.777000	-0.787800
2.778000	-0.786686
2.779000	-0.785569
2.780000	-0.784449
2.781000	-0.783326
2.782000	-0.782199
2.783000	-0.781069
2.784000	-0.779936
2.785000	-0.778799
2.786000	-0.777660
2.787000	-0.776517
2.788000	-0.775370
2.789000	-0.774220
2.790000	-0.773068
2.791000	-0.771911
2.792000	-0.770752
2.793000	-0.769589
2.794000	-0.768424
2.795000	-0.767254
2.796000	-0.766082
2.797000	-0.764906
2.798000	-0.763728
2.799000	-0.762546
2.800000	-0.761360
2.801000	-0.760172
2.802000	-0.758980
2.803000	-0.757786
2.804000	-0.756588
2.805000	-0.755386
2.806000	-0.754182
2.807000	-0.752975
2.808000	-0.751764
2.809000	-0.750550
2.810000	-0.749333
2.811000	-0.748113
2.812000	-0.746889
2.813000	-0.745663
2.814000	-0.744433
2.815000	-0.743201
2.816000	-0.741965
2.817000	-0.740726
2.818000	-0.739484
2.819000	-0.738238
2.820000	-0.736990
2.821000	-0.735739
2.822000	-0.734484
2.823000	-0.733226
2.824000	-0.731966
2.825000	-0.730702
2.826000	-0.729435
2.827000	-0.728165
2.828000	-0.726892
2.829000	-0.725616
2.830000	-0.724337
2.831000	-0.723055
2.832000	-0.721770
2.833000	-0.720482
2.834000	-0.719190
2.835000	-0.717896
2.836000	-0.716599
2.837000	-0.715299
2.838000	-0.713995
2.839000	-0.712689
2.840000	-0.711380
2.841000	-0.710067
2.842000	-0.708752
2.843000	-0.707434
2.844000	-0.706113
2.845000	-0.704789
2.846000	-0.703461
2.847000	-0.702131
2.848000	-0.700798
2.849000	-0.699462
2.850000	-0.698123
2.851000	-0.696781
2.852000	-0.695437
2.853000	-0.694089
2.854000	-0.692738
2.855000	-0.691385
2.856000	-0.690028
2.857000	-0.688669
2.858000	-0.687307
2.859000	-0.685942
2.860000	-0.684574
2.861000	-0.683203
2.862000	-0.681829
2.863000	-0.680453
2.864000	-0.679073
2.865000	-0.677691
2.866000	-0.676306
2.867000	-0.674918
2.868000	-0.673527
2.869000	-0.672133
2.870000	-0.670737
2.871000	-0.669338
2.872000	-0.667936
2.873000	-0.666531
2.874000	-0.665123
2.875000	-0.663713
2.876000	-0.662299
2.877000	-0.660883
2.878000	-0.659465
2.879000	-0.658043
2.880000	-0.656619
2.881000	-0.655192
2.882000	-0.653762
2.883000	-0.652330
2.884000	-0.650894
2.885000	-0.649456
2.886000	-0.648016
2.887000	-0.646572
2.888000	-0.645126
2.889000	-0.643677
2.890000	-0.642226
2.891000	-0.640772
2.892000	-0.639315
2.893000	-0.637855
2.894000	-0.636393
2.895000	-0.634928
2.896000	-0.633461
2.897000	-0.631990
2.898000	-0.630518
2.899000	-0.629042
2.900000	-0.627564
2.901000	-0.626083
2.902000	-0.624600
2.903000	-0.623114
2.904000	-0.621626
2.905000	-0.620134
2.906000	-0.618641
2.907000	-0.617144
2.908000	-0.615646
2.909000	-0.614144
2.910000	-0.612640
2.911000	-0.611134
2.912000	-0.609624
2.913000	-0.608113
2.914000	-0.606599
2.915000	-0.605082
2.916000	-0.603563
2.917000	-0.602041
2.918000	-0.600517
2.919000	-0.598990
2.920000	-0.597461
2.921000	-0.595929
2.922000	-0.594395
2.923000	-0.592858
2.924000	-0.591319
2.925000	-0.589777
2.926000	-0.588233
2.927000	-0.586687
2.928000	-0.585138
2.929000	-0.583586
2.930000	-0.582032
2.931000	-0.580476
2.932000	-0.578918
2.933000	-0.577356
2.934000	-0.575793
2.935000	-0.574227
2.936000	-0.572659
2.937000	-0.571088
2.938000	-0.569515
2.939000	-0.567940
2.940000	-0.566362
2.941000	-0.564782
2.942000	-0.563200
2.943000	-0.561615
2.944000	-0.560028
2.945000	-0.558439
2.946000	-0.556847
2.947000	-0.555253
2.948000	-0.553657
2.949000	-0.552058
2.950000	-0.550457
2.951000	-0.548854
2.952000	-0.547249
2.953000	-0.545641
2.954000	-0.544031
2.955000	-0.542419
2.956000	-0.540804
2.957000	-0.539188
2.958000	-0.537569
2.959000	-0.535948
2.960000	-0.534324
2.961000	-0.532699
2.962000	-0.531071
2.963000	-0.529441
2.964000	-0.527809
2.965000	-0.526175
2.966000	-0.524538
2.967000	-0.522900
2.968000	-0.521259
2.969000	-0.519616
2.970000	-0.517971
2.971000	-0.516324
2.972000	-0.514674
2.973000	-0.513023
2.974000	-0.511369
2.975000	-0.509714
2.976000	-0.508056
2.977000	-0.506396
2.978000	-0.504734
2.979000	-0.503070
2.980000	-0.501404
2.981000	-0.499736
2.982000	-0.498066
2.983000	-0.496394
2.984000	-0.494719
2.985000	-0.493043
2.986000	-0.491365
2.987000	-0.489685
2.988000	-0.488002
2.989000	-0.486318
2.990000	-0.484632
2.991000	-0.482943
2.992000	-0.481253
2.993000	-0.479561
2.994000	-0.477867
2.995000	-0.476171
2.996000	-0.474473
2.997000	-0.472773
2.998000	-0.471071
2.999000	-0.469367
3.000000	-0.467661
3.001000	-0.465953
3.002000	-0.464244
3.003000	-0.462532
3.004000	-0.460819
3.005000	-0.459104
3.006000	-0.457387
3.007000	-0.455668
3.008000	-0.453947
3.009000	-0.452224
3.010000	-0.450500
3.011000	-0.448774
3.012000	-0.447045
3.013000	-0.445316
3.014000	-0.443584
3.015000	-0.441850
3.016000	-0.440115
3.017000	-0.438378
3.018000	-0.436639
3.019000	-0.434898
3.020000	-0.433156
3.021000	-0.431412
3.022000	-0.429666
3.023000	-0.427918
3.024000	-0.426169
3.025000	-0.424418
3.026000	-0.422665
3.027000	-0.420911
3.028000	-0.419155
3.029000	-0.417397
3.030000	-0.415637
3.031000	-0.413876
3.032000	-0.412113
3.033000	-0.410349
3.034000	-0.408582
3.035000	-0.406815
3.036000	-0.405045
3.037000	-0.403274
3.038000	-0.401502
3.039000	-0.399727
3.040000	-0.397951
3.041000	-0.396174
3.042000	-0.394395
3.043000	-0.392614
3.044000	-0.390832
3.045000	-0.389048
3.046000	-0.387263
3.047000	-0.385476
3.048000	-0.383688
3.049000	-0.381898
3.050000	-0.380107
3.051000	-0.378314
3.052000	-0.376519
3.053000	-0.374723
3.054000	-0.372926
3.055000	-0.371127
3.056000	-0.369327
3.057000	-0.367525
3.058000	-0.365722
3.059000	-0.363917
3.060000	-0.362111
3.061000	-0.360304
3.062000	-0.358495
3.063000	-0.356684
3.064000	-0.354872
3.065000	-0.353059
3.066000	-0.351245
3.067000	-0.349429
3.068000	-0.347612
3.069000	-0.345793
3.070000	-0.343973
3.071000	-0.342151
3.072000	-0.340329
3.073000	-0.338505
3.074000	-0.336679
3.075000	-0.334853
3.076000	-0.333025
3.077000	-0.331196
3.078000	-0.329365
3.079000	-0.327533
3.080000	-0.325700
3.081000	-0.323866
3.082000	-0.322030
3.083000	-0.320193
3.084000	-0.318355
3.085000	-0.316516
3.086000	-0.314676
3.087000	-0.312834
3.088000	-0.310991
3.089000	-0.309147
3.090000	-0.307301
3.091000	-0.305455
3.092000	-0.303607
3.093000	-0.301759
3.094000	-0.299909
3.095000	-0.298057
3.096000	-0.296205
3.097000	-0.294352
3.098000	-0.292497
3.099000	-0.290642
3.100000	-0.288785
3.101000	-0.286927
3.102000	-0.285068
3.103000	-0.283208
3.104000	-0.281347
3.105000	-0.279485
3.106000	-0.277622
3.107000	-0.275758
3.108000	-0.273893
3.109000	-0.272027
3.110000	-0.270159
3.111000	-0.268291
3.112000	-0.266422
3.113000	-0.264552
3.114000	-0.262680
3.115000	-0.260808
3.116000	-0.258935
3.117000	-0.257061
3.118000	-0.255186
3.119000	-0.253310
3.120000	-0.251433
3.121000	-0.249555
3.122000	-0.247676
3.123000	-0.245796
3.124000	-0.243916
3.125000	-0.242034
3.126000	-0.240152
3.127000	-0.238269
3.128000	-0.236385
3.129000	-0.234500
3.130000	-0.232614
3.131000	-0.230727
3.132000	-0.228840
3.133000	-0.226952
3.134000	-0.225063
3.135000	-0.223173
3.136000	-0.221282
3.137000	-0.219391
3.138000	-0.217498
3.139000	-0.215605
3.140000	-0.213712
3.141000	-0.211817
3.142000	-0.209922
3.143000	-0.208026
3.144000	-0.206129
3.145000	-0.204232
3.146000	-0.202333
3.147000	-0.200435
3.148000	-0.198535
3.149000	-0.196635
3.150000	-0.194734
3.151000	-0.192832
3.152000	-0.190930
3.153000	-0.189027
3.154000	-0.187124
3.155000	-0.185220
3.156000	-0.183315
3.157000	-0.181410
3.158000	-0.179504
3.159000	-0.177597
3.160000	-0.175690
3.161000	-0.173782
3.162000	-0.171874
3.163000	-0.169965
3.164000	-0.168056
3.165000	-0.166146
3.166000	-0.164236
3.167000	-0.162325
3.168000	-0.160413
3.169000	-0.158501
3.170000	-0.156589
3.171000	-0.154676
3.172000	-0.152762
3.173000	-0.150848
3.174000	-0.148934
3.175000	-0.147019
3.176000	-0.145103
3.177000	-0.143188
3.178000	-0.141272
3.179000	-0.139355
3.180000	-0.137438
3.181000	-0.135520
3.182000	-0.133603
3.183000	-0.131684
3.184000	-0.129766
3.185000	-0.127847
3.186000	-0.125928
3.187000	-0.124008
3.188000	-0.122088
3.189000	-0.120168
3.190000	-0.118247
3.191000	-0.116326
3.192000	-0.114405
3.193000	-0.112483
3.194000	-0.110561
3.195000	-0.108639
3.196000	-0.106717
3.197000	-0.104794
3.198000	-0.102871
3.199000	-0.100948
3.200000	-0.099025
3.201000	-0.097101
3.202000	-0.095177
3.203000	-0.093253
3.204000	-0.091329
3.205000	-0.089404
3.206000	-0.087480
3.207000	-0.085555
3.208000	-0.083630
3.209000	-0.081705
3.210000	-0.079779
3.211000	-0.077854
3.212000	-0.075928
3.213000	-0.074003
3.214000	-0.072077
3.215000	-0.070151
3.216000	-0.068225
3.217000	-0.066299
3.218000	-0.064373
3.219000	-0.062446
3.220000	-0.060520
3.221000	-0.058594
3.222000	-0.056667
3.223000	-0.054741
3.224000	-0.052814
3.225000	-0.050888
3.226000	-0.048962
3.227000	-0.047035
3.228000	-0.045109
3.229000	-0.043182
3.230000	-0.041256
3.231000	-0.039329
3.232000	-0.037403
3.233000	-0.035477
3.234000	-0.033550
3.235000	-0.031624
3.236000	-0.029698
3.237000	-0.027772
3.238000	-0.025846
3.239000	-0.023920
3.240000	-0.021995
3.241000	-0.020069
3.242000	-0.018144
3.243000	-0.016218
3.244000	-0.014293
3.245000	-0.012368
3.246000	-0.010443
3.247000	-0.008519
3.248000	-0.006594
3.249000	-0.004670
3.250000	-0.002746
3.251000	-0.000822
3.252000	0.001101
3.253000	0.003025
3.254000	0.004948
3.255000	0.006871
3.256000	0.008794
3.257000	0.010716
3.258000	0.012638
3.259000	0.014560
3.260000	0.016482
3.261000	0.018403
3.262000	0.020324
3.263000	0.022245
3.264000	0.024165
3.265000	0.026085
3.266000	0.028005
3.267000	0.029924
3.268000	0.031843
3.269000	0.033761
3.270000	0.035680
3.271000	0.037597
3.272000	0.039515
3.273000	0.041432
3.274000	0.043348
3.275000	0.045265
3.276000	0.047180
3.277000	0.049096
3.278000	0.051011
3.279000	0.052925
3.280000	0.054839
3.281000	0.056753
3.282000	0.058666
3.283000	0.060578
3.284000	0.062490
3.285000	0.064402
3.286000	0.066313
3.287000	0.068223
3.288000	0.070133
3.289000	0.072043
3.290000	0.073951
3.291000	0.075860
3.292000	0.077767
3.293000	0.079675
3.294000	0.081581
3.295000	0.083487
3.296000	0.085393
3.297000	0.087297
3.298000	0.089202
3.299000	0.091105
3.300000	0.093008
3.301000	0.094910
3.302000	0.096812
3.303000	0.098713
3.304000	0.100613
3.305000	0.102513
3.306000	0.104412
3.307000	0.106310
3.308000	0.108207
3.309000	0.110104
3.310000	0.112000
3.311000	0.113896
3.312000	0.115790
3.313000	0.117684
3.314000	0.119577
3.315000	0.121470
3.316000	0.123361
3.317000	0.125252
3.318000	0.127142
3.319000	0.129031
3.320000	0.130920
3.321000	0.132807
3.322000	0.134694
3.323000	0.136580
3.324000	0.138465
3.325000	0.140349
3.326000	0.142233
3.327000	0.144115
3.328000	0.145997
3.329000	0.147877
3.330000	0.149757
3.331000	0.151636
3.332000	0.153514
3.333000	0.155392
3.334000	0.157268
3.335000	0.159143
3.336000	0.161017
3.337000	0.162891
3.338000	0.164763
3.339000	0.166635
3.340000	0.168505
3.341000	0.170375
3.342000	0.172243
3.343000	0.174111
3.344000	0.175977
3.345000	0.177843
3.346000	0.179707
3.347000	0.181571
3.348000	0.183433
3.349000	0.185294
3.350000	0.187155
3.351000	0.189014
3.352000	0.190872
3.353000	0.192729
3.354000	0.194585
3.355000	0.196440
3.356000	0.198294
3.357000	0.200146
3.358000	0.201998
3.359000	0.203848
3.360000	0.205698
3.361000	0.207546
3.362000	0.209393
3.363000	0.211238
3.364000	0.213083
3.365000	0.214926
3.366000	0.216769
3.367000	0.218610
3.368000	0.220449
3.369000	0.222288
3.370000	0.224125
3.371000	0.225961
3.372000	0.227796
3.373000	0.229630
3.374000	0.231462
3.375000	0.233293
3.376000	0.235123
3.377000	0.236952
3.378000	0.238779
3.379000	0.240605
3.380000	0.242430
3.381000	0.244253
3.382000	0.246075
3.383000	0.247896
3.384000	0.249715
3.385000	0.251533
3.386000	0.253350
3.387000	0.255165
3.388000	0.256979
3.389000	0.258792
3.390000	0.260603
3.391000	0.262413
3.392000	0.264221
3.393000	0.266028
3.394000	0.267833
3.395000	0.269638
3.396000	0.271440
3.397000	0.273241
3.398000	0.275041
3.399000	0.276840
3.400000	0.278636
3.401000	0.280432
3.402000	0.282226
3.403000	0.284018
3.404000	0.285809
3.405000	0.287598
3.406000	0.289386
3.407000	0.291173
3.408000	0.292957
3.409000	0.294741
3.410000	0.296522
3.411000	0.298303
3.412000	0.300081
3.413000	0.301858
3.414000	0.303634
3.415000	0.305408
3.416000	0.307180
3.417000	0.308951
3.418000	0.310720
3.419000	0.312487
3.420000	0.314253
3.421000	0.316017
3.422000	0.317780
3.423000	0.319541
3.424000	0.321300
3.425000	0.323058
3.426000	0.324814
3.427000	0.326568
3.428000	0.328320
3.429000	0.330071
3.430000	0.331820
3.431000	0.333568
3.432000	0.335314
3.433000	0.337058
3.434000	0.338800
3.435000	0.340540
3.436000	0.342279
3.437000	0.344016
3.438000	0.345751
3.439000	0.347485
3.440000	0.349217
3.441000	0.350947
3.442000	0.352675
3.443000	0.354401
3.444000	0.356126
3.445000	0.357848
3.446000	0.359569
3.447000	0.361288
3.448000	0.363005
3.449000	0.364721
3.450000	0.366434
3.451000	0.368146
3.452000	0.369856
3.453000	0.371564
3.454000	0.373270
3.455000	0.374974
3.456000	0.376676
3.457000	0.378376
3.458000	0.380075
3.459000	0.381771
3.460000	0.383466
3.461000	0.385158
3.462000	0.386849
3.463000	0.388538
3.464000	0.390225
3.465000	0.391909
3.466000	0.393592
3.467000	0.395273
3.468000	0.396952
3.469000	0.398629
3.470000	0.400304
3.471000	0.401976
3.472000	0.403647
3.473000	0.405316
3.474000	0.406983
3.475000	0.408648
3.476000	0.410310
3.477000	0.411971
3.478000	0.413630
3.479000	0.415286
3.480000	0.416941
3.481000	0.418593
3.482000	0.420243
3.483000	0.421891
3.484000	0.423537
3.485000	0.425181
3.486000	0.426823
3.487000	0.428463
3.488000	0.430100
3.489000	0.431736
3.490000	0.433369
3.491000	0.435000
3.492000	0.436629
3.493000	0.438256
3.494000	0.439881
3.495000	0.441503
3.496000	0.443124
3.497000	0.444742
3.498000	0.446358
3.499000	0.447971
3.500000	0.449583
3.501000	0.451192
3.502000	0.452799
3.503000	0.454404
3.504000	0.456006
3.505000	0.457606
3.506000	0.459204
3.507000	0.460800
3.508000	0.462394
3.509000	0.463985
3.510000	0.465574
3.511000	0.467160
3.512000	0.468745
3.513000	0.470327
3.514000	0.471907
3.515000	0.473484
3.516000	0.475059
3.517000	0.476632
3.518000	0.478202
3.519000	0.479770
3.520000	0.481336
3.521000	0.482899
3.522000	0.484460
3.523000	0.486019
3.524000	0.487575
3.525000	0.489129
3.526000	0.490680
3.527000	0.492229
3.528000	0.493776
3.529000	0.495320
3.530000	0.496862
3.531000	0.498402
3.532000	0.499939
3.533000	0.501473
3.534000	0.503005
3.535000	0.504535
3.536000	0.506062
3.537000	0.507587
3.538000	0.509109
3.539000	0.510629
3.540000	0.512146
3.541000	0.513661
3.542000	0.515173
3.543000	0.516683
3.544000	0.518190
3.545000	0.519695
3.546000	0.521197
3.547000	0.522697
3.548000	0.524194
3.549000	0.525689
3.550000	0.527181
3.551000	0.528670
3.552000	0.530157
3.553000	0.531642
3.554000	0.533124
3.555000	0.534603
3.556000	0.536080
3.557000	0.537554
3.558000	0.539025
3.559000	0.540494
3.560000	0.541961
3.561000	0.543424
3.562000	0.544885
3.563000	0.546344
3.564000	0.547800
3.565000	0.549253
3.566000	0.550703
3.567000	0.552151
3.568000	0.553596
3.569000	0.555039
3.570000	0.556479
3.571000	0.557916
3.572000	0.559351
3.573000	0.560782
3.574000	0.562212
3.575000	0.563638
3.576000	0.565062
3.577000	0.566483
3.578000	0.567901
3.579000	0.569317
3.580000	0.570730
3.581000	0.572140
3.582000	0.573547
3.583000	0.574952
3.584000	0.576354
3.585000	0.577753
3.586000	0.579149
3.587000	0.580543
3.588000	0.581934
3.589000	0.583322
3.590000	0.584707
3.591000	0.586090
3.592000	0.587469
3.593000	0.588846
3.594000	0.590220
3.595000	0.591592
3.596000	0.592960
3.597000	0.594326
3.598000	0.595689
3.599000	0.597048
3.600000	0.598406
3.601000	0.599760
3.602000	0.601111
3.603000	0.602460
3.604000	0.603806
3.605000	0.605148
3.606000	0.606488
3.607000	0.607825
3.608000	0.609160
3.609000	0.610491
3.610000	0.611819
3.611000	0.613145
3.612000	0.614467
3.613000	0.615787
3.614000	0.617104
3.615000	0.618418
3.616000	0.619729
3.617000	0.621037
3.618000	0.622342
3.619000	0.623644
3.620000	0.624943
3.621000	0.626239
3.622000	0.627532
3.623000	0.628823
3.624000	0.630110
3.625000	0.631394
3.626000	0.632676
3.627000	0.633954
3.628000	0.635230
3.629000	0.636502
3.630000	0.637771
3.631000	0.639038
3.632000	0.640301
3.633000	0.641561
3.634000	0.642819
3.635000	0.644073
3.636000	0.645324
3.637000	0.646573
3.638000	0.647818
3.639000	0.649060
3.640000	0.650299
3.641000	0.651535
3.642000	0.652768
3.643000	0.653998
3.644000	0.655225
3.645000	0.656449
3.646000	0.657669
3.647000	0.658887
3.648000	0.660102
3.649000	0.661313
3.650000	0.662521
3.651000	0.663727
3.652000	0.664929
3.653000	0.666128
3.654000	0.667324
3.655000	0.668517
3.656000	0.669706
3.657000	0.670893
3.658000	0.672076
3.659000	0.673256
3.660000	0.674433
3.661000	0.675607
3.662000	0.676778
3.663000	0.677946
3.664000	0.679110
3.665000	0.680272
3.666000	0.681430
3.667000	0.682585
3.668000	0.683737
3.669000	0.684885
3.670000	0.686031
3.671000	0.687173
3.672000	0.688312
3.673000	0.689448
3.674000	0.690580
3.675000	0.691710
3.676000	0.692836
3.677000	0.693959
3.678000	0.695079
3.679000	0.696195
3.680000	0.697309
3.681000	0.698419
3.682000	0.699526
3.683000	0.700629
3.684000	0.701730
3.685000	0.702827
3.686000	0.703920
3.687000	0.705011
3.688000	0.706098
3.689000	0.707182
3.690000	0.708263
3.691000	0.709341
3.692000	0.710415
3.693000	0.711486
3.694000	0.712553
3.695000	0.713618
3.696000	0.714679
3.697000	0.715736
3.698000	0.716791
3.699000	0.717842
3.700000	0.718890
3.701000	0.719934
3.702000	0.720976
3.703000	0.722013
3.704000	0.723048
3.705000	0.724079
3.706000	0.725107
3.707000	0.726132
3.708000	0.727153
3.709000	0.728171
3.710000	0.729185
3.711000	0.730196
3.712000	0.731204
3.713000	0.732208
3.714000	0.733209
3.715000	0.734207
3.716000	0.735201
3.717000	0.736192
3.718000	0.737180
3.719000	0.738164
3.720000	0.739145
3.721000	0.740122
3.722000	0.741096
3.723000	0.742067
3.724000	0.743034
3.725000	0.743998
3.726000	0.744958
3.727000	0.745915
3.728000	0.746869
3.729000	0.747819
3.730000	0.748766
3.731000	0.749709
3.732000	0.750649
3.733000	0.751586
3.734000	0.752519
3.735000	0.753448
3.736000	0.754374
3.737000	0.755297
3.738000	0.756216
3.739000	0.757132
3.740000	0.758045
3.741000	0.758954
3.742000	0.759859
3.743000	0.760761
3.744000	0.761660
3.745000	0.762555
3.746000	0.763446
3.747000	0.764334
3.748000	0.765219
3.749000	0.766100
3.750000	0.766978
3.751000	0.767852
3.752000	0.768723
3.753000	0.769590
3.754000	0.770454
3.755000	0.771314
3.756000	0.772171
3.757000	0.773024
3.758000	0.773874
3.759000	0.774720
3.760000	0.775563
3.761000	0.776402
3.762000	0.777238
3.763000	0.778070
3.764000	0.778898
3.765000	0.779724
3.766000	0.780545
3.767000	0.781363
3.768000	0.782178
3.769000	0.782989
3.770000	0.783796
3.771000	0.784600
3.772000	0.785401
3.773000	0.786197
3.774000	0.786991
3.775000	0.787781
3.776000	0.788567
3.777000	0.789349
3.778000	0.790128
3.779000	0.790904
3.780000	0.791676
3.781000	0.792444
3.782000	0.793209
3.783000	0.793970
3.784000	0.794728
3.785000	0.795482
3.786000	0.796233
3.787000	0.796980
3.788000	0.797723
3.789000	0.798463
3.790000	0.799199
3.791000	0.799932
3.792000	0.800661
3.793000	0.801386
3.794000	0.802108
3.795000	0.802827
3.796000	0.803541
3.797000	0.804252
3.798000	0.804960
3.799000	0.805664
3.800000	0.806364
3.801000	0.807061
3.802000	0.807754
3.803000	0.808443
3.804000	0.809129
3.805000	0.809811
3.806000	0.810490
3.807000	0.811165
3.808000	0.811836
3.809000	0.812504
3.810000	0.813168
3.811000	0.813828
3.812000	0.814485
3.813000	0.815139
3.814000	0.815788
3.815000	0.816434
3.816000	0.817076
3.817000	0.817715
3.818000	0.818350
3.819000	0.818982
3.820000	0.819609
3.821000	0.820234
3.822000	0.820854
3.823000	0.821471
3.824000	0.822084
3.825000	0.822694
3.826000	0.823300
3.827000	0.823902
3.828000	0.824500
3.829000	0.825095
3.830000	0.825687
3.831000	0.826274
3.832000	0.826858
3.833000	0.827439
3.834000	0.828015
3.835000	0.828588
3.836000	0.829158
3.837000	0.829723
3.838000	0.830285
3.839000	0.830844
3.840000	0.831398
3.841000	0.831949
3.842000	0.832496
3.843000	0.833040
3.844000	0.833580
3.845000	0.834116
3.846000	0.834649
3.847000	0.835178
3.848000	0.835703
3.849000	0.836225
3.850000	0.836743
3.851000	0.837257
3.852000	0.837767
3.853000	0.838274
3.854000	0.838778
3.855000	0.839277
3.856000	0.839773
3.857000	0.840265
3.858000	0.840753
3.859000	0.841238
3.860000	0.841719
3.861000	0.842197
3.862000	0.842670
3.863000	0.843140
3.864000	0.843606
3.865000	0.844069
3.866000	0.844528
3.867000	0.844983
3.868000	0.845435
3.869000	0.845882
3.870000	0.846327
3.871000	0.846767
3.872000	0.847204
3.873000	0.847637
3.874000	0.848066
3.875000	0.848492
3.876000	0.848914
3.877000	0.849332
3.878000	0.849746
3.879000	0.850157
3.880000	0.850564
3.881000	0.850968
3.882000	0.851367
3.883000	0.851763
3.884000	0.852156
3.885000	0.852544
3.886000	0.852929
3.887000	0.853310
3.888000	0.853688
3.889000	0.854062
3.890000	0.854432
3.891000	0.854798
3.892000	0.855161
3.893000	0.855520
3.894000	0.855875
3.895000	0.856227
3.896000	0.856574
3.897000	0.856919
3.898000	0.857259
3.899000	0.857596
3.900000	0.857929
3.901000	0.858258
3.902000	0.858584
3.903000	0.858906
3.904000	0.859224
3.905000	0.859538
3.906000	0.859849
3.907000	0.860156
3.908000	0.860459
3.909000	0.860759
3.910000	0.861055
3.911000	0.861347
3.912000	0.861636
3.913000	0.861921
3.914000	0.862202
3.915000	0.862479
3.916000	0.862753
3.917000	0.863023
3.918000	0.863289
3.919000	0.863552
3.920000	0.863811
3.921000	0.864066
3.922000	0.864317
3.923000	0.864565
3.924000	0.864809
3.925000	0.865050
3.926000	0.865286
3.927000	0.865519
3.928000	0.865748
3.929000	0.865974
3.930000	0.866196
3.931000	0.866414
3.932000	0.866629
3.933000	0.866839
3.934000	0.867046
3.935000	0.867250
3.936000	0.867449
3.937000	0.867645
3.938000	0.867838
3.939000	0.868026
3.940000	0.868211
3.941000	0.868392
3.942000	0.868570
3.943000	0.868744
3.944000	0.868914
3.945000	0.869080
3.946000	0.869243
3.947000	0.869402
3.948000	0.869558
3.949000	0.869709
3.950000	0.869857
3.951000	0.870002
3.952000	0.870142
3.953000	0.870279
3.954000	0.870413
3.955000	0.870542
3.956000	0.870668
3.957000	0.870790
3.958000	0.870909
3.959000	0.871024
3.960000	0.871135
3.961000	0.871243
3.962000	0.871346
3.963000	0.871447
3.964000	0.871543
3.965000	0.871636
3.966000	0.871725
3.967000	0.871811
3.968000	0.871893
3.969000	0.871971
3.970000	0.872045
3.971000	0.872116
3.972000	0.872183
3.973000	0.872247
3.974000	0.872307
3.975000	0.872363
3.976000	0.872416
3.977000	0.872465
3.978000	0.872510
3.979000	0.872551
3.980000	0.872589
3.981000	0.872624
3.982000	0.872654
3.983000	0.872681
3.984000	0.872705
3.985000	0.872725
3.986000	0.872741
3.987000	0.872753
3.988000	0.872762
3.989000	0.872767
3.990000	0.872769
3.991000	0.872767
3.992000	0.872761
3.993000	0.872752
3.994000	0.872739
3.995000	0.872722
3.996000	0.872702
3.997000	0.872678
3.998000	0.872651
3.999000	0.872620
4.000000	0.872585
4.001000	0.872547
4.002000	0.872505
4.003000	0.872459
4.004000	0.872410
4.005000	0.872357
4.006000	0.872301
4.007000	0.872241
4.008000	0.872177
4.009000	0.872110
4.010000	0.872039
4.011000	0.871965
4.012000	0.871887
4.013000	0.871806
4.014000	0.871721
4.015000	0.871632
4.016000	0.871540
4.017000	0.871444
4.018000	0.871344
4.019000	0.871241
4.020000	0.871135
4.021000	0.871025
4.022000	0.870911
4.023000	0.870793
4.024000	0.870673
4.025000	0.870548
4.026000	0.870420
4.027000	0.870289
4.028000	0.870153
4.029000	0.870015
4.030000	0.869873
4.031000	0.869727
4.032000	0.869577
4.033000	0.869425
4.034000	0.869268
4.035000	0.869108
4.036000	0.868945
4.037000	0.868778
4.038000	0.868607
4.039000	0.868433
4.040000	0.868255
4.041000	0.868074
4.042000	0.867890
4.043000	0.867701
4.044000	0.867510
4.045000	0.867315
4.046000	0.867116
4.047000	0.866914
4.048000	0.866708
4.049000	0.866499
4.050000	0.866286
4.051000	0.866070
4.052000	0.865850
4.053000	0.865627
4.054000	0.865400
4.055000	0.865170
4.056000	0.864936
4.057000	0.864699
4.058000	0.864458
4.059000	0.864214
4.060000	0.863966
4.061000	0.863715
4.062000	0.863461
4.063000	0.863203
4.064000	0.862941
4.065000	0.862676
4.066000	0.862408
4.067000	0.862136
4.068000	0.861861
4.069000	0.861582
4.070000	0.861300
4.071000	0.861015
4.072000	0.860725
4.073000	0.860433
4.074000	0.860137
4.075000	0.859838
4.076000	0.859535
4.077000	0.859229
4.078000	0.858919
4.079000	0.858606
4.080000	0.858290
4.081000	0.857970
4.082000	0.857647
4.083000	0.857320
4.084000	0.856990
4.085000	0.856657
4.086000	0.856320
4.087000	0.855980
4.088000	0.855636
4.089000	0.855289
4.090000	0.854939
4.091000	0.854585
4.092000	0.854228
4.093000	0.853868
4.094000	0.853504
4.095000	0.853137
4.096000	0.852766
4.097000	0.852392
4.098000	0.852015
4.099000	0.851634
4.100000	0.851250
4.101000	0.850863
4.102000	0.850473
4.103000	0.850079
4.104000	0.849681
4.105000	0.849281
4.106000	0.848877
4.107000	0.848470
4.108000	0.848059
4.109000	0.847645
4.110000	0.847228
4.111000	0.846808
4.112000	0.846384
4.113000	0.845957
4.114000	0.845527
4.115000	0.845093
4.116000	0.844656
4.117000	0.844216
4.118000	0.843773
4.119000	0.843326
4.120000	0.842876
4.121000	0.842423
4.122000	0.841966
4.123000	0.841507
4.124000	0.841044
4.125000	0.840577
4.126000	0.840108
4.127000	0.839635
4.128000	0.839159
4.129000	0.838680
4.130000	0.838198
4.131000	0.837712
4.132000	0.837223
4.133000	0.836731
4.134000	0.836236
4.135000	0.835737
4.136000	0.835236
4.137000	0.834731
4.138000	0.834223
4.139000	0.833711
4.140000	0.833197
4.141000	0.832679
4.142000	0.832159
4.143000	0.831635
4.144000	0.831107
4.145000	0.830577
4.146000	0.830044
4.147000	0.829507
4.148000	0.828967
4.149000	0.828424
4.150000	0.827878
4.151000	0.827329
4.152000	0.826777
4.153000	0.826221
4.154000	0.825663
4.155000	0.825101
4.156000	0.824536
4.157000	0.823968
4.158000	0.823397
4.159000	0.822823
4.160000	0.822246
4.161000	0.821666
4.162000	0.821082
4.163000	0.820496
4.164000	0.819906
4.165000	0.819313
4.166000	0.818718
4.167000	0.818119
4.168000	0.817517
4.169000	0.816912
4.170000	0.816304
4.171000	0.815693
4.172000	0.815079
4.173000	0.814462
4.174000	0.813842
4.175000	0.813219
4.176000	0.812593
4.177000	0.811964
4.178000	0.811332
4.179000	0.810696
4.180000	0.810058
4.181000	0.809417
4.182000	0.808773
4.183000	0.808126
4.184000	0.807476
4.185000	0.806822
4.186000	0.806166
4.187000	0.805507
4.188000	0.804845
4.189000	0.804180
4.190000	0.803512
4.191000	0.802841
4.192000	0.802168
4.193000	0.801491
4.194000	0.800811
4.195000	0.800128
4.196000	0.799443
4.197000	0.798754
4.198000	0.798063
4.199000	0.797369
4.200000	0.796672
4.201000	0.795971
4.202000	0.795269
4.203000	0.794563
4.204000	0.793854
4.205000	0.793142
4.206000	0.792428
4.207000	0.791710
4.208000	0.790990
4.209000	0.790267
4.210000	0.789541
4.211000	0.788812
4.212000	0.788081
4.213000	0.787346
4.214000	0.786609
4.215000	0.785869
4.216000	0.785126
4.217000	0.784380
4.218000	0.783632
4.219000	0.782880
4.220000	0.782126
4.221000	0.781369
4.222000	0.780609
4.223000	0.779847
4.224000	0.779082
4.225000	0.778314
4.226000	0.777543
4.227000	0.776769
4.228000	0.775993
4.229000	0.775214
4.230000	0.774432
4.231000	0.773647
4.232000	0.772860
4.233000	0.772070
4.234000	0.771277
4.235000	0.770482
4.236000	0.769683
4.237000	0.768883
4.238000	0.768079
4.239000	0.767273
4.240000	0.766464
4.241000	0.765652
4.242000	0.764838
4.243000	0.764021
4.244000	0.763201
4.245000	0.762379
4.246000	0.761554
4.247000	0.760726
4.248000	0.759896
4.249000	0.759063
4.250000	0.758228
4.251000	0.757389
4.252000	0.756549
4.253000	0.755705
4.254000	0.754859
4.255000	0.754011
4.256000	0.753160
4.257000	0.752306
4.258000	0.751449
4.259000	0.750590
4.260000	0.749729
4.261000	0.748865
4.262000	0.747998
4.263000	0.747129
4.264000	0.746257
4.265000	0.745383
4.266000	0.744506
4.267000	0.743627
4.268000	0.742745
4.269000	0.741861
4.270000	0.740974
4.271000	0.740084
4.272000	0.739192
4.273000	0.738298
4.274000	0.737401
4.275000	0.736502
4.276000	0.735600
4.277000	0.734696
4.278000	0.733789
4.279000	0.732879
4.280000	0.731968
4.281000	0.731054
4.282000	0.730137
4.283000	0.729218
4.284000	0.728297
4.285000	0.727373
4.286000	0.726446
4.287000	0.725518
4.288000	0.724587
4.289000	0.723653
4.290000	0.722717
4.291000	0.721779
4.292000	0.720838
4.293000	0.719895
4.294000	0.718950
4.295000	0.718002
4.296000	0.717052
4.297000	0.716100
4.298000	0.715145
4.299000	0.714188
4.300000	0.713228
4.301000	0.712267
4.302000	0.711302
4.303000	0.710336
4.304000	0.709367
4.305000	0.708396
4.306000	0.707423
4.307000	0.706447
4.308000	0.705470
4.309000	0.704490
4.310000	0.703507
4.311000	0.702523
4.312000	0.701536
4.313000	0.700546
4.314000	0.699555
4.315000	0.698562
4.316000	0.697566
4.317000	0.696568
4.318000	0.695567
4.319000	0.694565
4.320000	0.693560
4.321000	0.692553
4.322000	0.691544
4.323000	0.690533
4.324000	0.689520
4.325000	0.688504
4.326000	0.687486
4.327000	0.686467
4.328000	0.685444
4.329000	0.684420
4.330000	0.683394
4.331000	0.682366
4.332000	0.681335
4.333000	0.680302
4.334000	0.679268
4.335000	0.678231
4.336000	0.677192
4.337000	0.676151
4.338000	0.675108
4.339000	0.674062
4.340000	0.673015
4.341000	0.671966
4.342000	0.670914
4.343000	0.669861
4.344000	0.668805
4.345000	0.667748
4.346000	0.666688
4.347000	0.665627
4.348000	0.664563
4.349000	0.663498
4.350000	0.662430
4.351000	0.661360
4.352000	0.660289
4.353000	0.659215
4.354000	0.658140
4.355000	0.657062
4.356000	0.655983
4.357000	0.654901
4.358000	0.653818
4.359000	0.652733
4.360000	0.651645
4.361000	0.650556
4.362000	0.649465
4.363000	0.648372
4.364000	0.647277
4.365000	0.646181
4.366000	0.645082
4.367000	0.643981
4.368000	0.642879
4.369000	0.641775
4.370000	0.640668
4.371000	0.639560
4.372000	0.638451
4.373000	0.637339
4.374000	0.636225
4.375000	0.635110
4.376000	0.633993
4.377000	0.632874
4.378000	0.631753
4.379000	0.630630
4.380000	0.629506
4.381000	0.628380
4.382000	0.627252
4.383000	0.626122
4.384000	0.624990
4.385000	0.623857
4.386000	0.622722
4.387000	0.621585
4.388000	0.620447
4.389000	0.619306
4.390000	0.618164
4.391000	0.617021
4.392000	0.615875
4.393000	0.614728
4.394000	0.613579
4.395000	0.612429
4.396000	0.611277
4.397000	0.610123
4.398000	0.608967
4.399000	0.607810
4.400000	0.606651
4.401000	0.605491
4.402000	0.604329
4.403000	0.603165
4.404000	0.602000
4.405000	0.600833
4.406000	0.599664
4.407000	0.598494
4.408000	0.597322
4.409000	0.596149
4.410000	0.594974
4.411000	0.593797
4.412000	0.592619
4.413000	0.591439
4.414000	0.590258
4.415000	0.589075
4.416000	0.587891
4.417000	0.586705
4.418000	0.585518
4.419000	0.584329
4.420000	0.583139
4.421000	0.581947
4.422000	0.580753
4.423000	0.579559
4.424000	0.578362
4.425000	0.577164
4.426000	0.575965
4.427000	0.574764
4.428000	0.573562
4.429000	0.572359
4.430000	0.571153
4.431000	0.569947
4.432000	0.568739
4.433000	0.567530
4.434000	0.566319
4.435000	0.565107
4.436000	0.563893
4.437000	0.562678
4.438000	0.561462
4.439000	0.560244
4.440000	0.559025
4.441000	0.557805
4.442000	0.556583
4.443000	0.555360
4.444000	0.554136
4.445000	0.552910
4.446000	0.551683
4.447000	0.550454
4.448000	0.549225
4.449000	0.547994
4.450000	0.546761
4.451000	0.545528
4.452000	0.544293
4.453000	0.543057
4.454000	0.541819
4.455000	0.540581
4.456000	0.539341
4.457000	0.538100
4.458000	0.536857
4.459000	0.535614
4.460000	0.534369
4.461000	0.533123
4.462000	0.531876
4.463000	0.530628
4.464000	0.529378
4.465000	0.528127
4.466000	0.526875
4.467000	0.525622
4.468000	0.524368
4.469000	0.523113
4.470000	0.521856
4.471000	0.520598
4.472000	0.519340
4.473000	0.518080
4.474000	0.516819
4.475000	0.515556
4.476000	0.514293
4.477000	0.513029
4.478000	0.511763
4.479000	0.510497
4.480000	0.509229
4.481000	0.507961
4.482000	0.506691
4.483000	0.505420
4.484000	0.504149
4.485000	0.502876
4.486000	0.501602
4.487000	0.500327
4.488000	0.499051
4.489000	0.497774
4.490000	0.496497
4.491000	0.495218
4.492000	0.493938
4.493000	0.492657
4.494000	0.491376
4.495000	0.490093
4.496000	0.488809
4.497000	0.487525
4.498000	0.486239
4.499000	0.484953
4.500000	0.483665
4.501000	0.482377
4.502000	0.481088
4.503000	0.479798
4.504000	0.478507
4.505000	0.477215
4.506000	0.475922
4.507000	0.474629
4.508000	0.473334
4.509000	0.472039
4.510000	0.470743
4.511000	0.469446
4.512000	0.468148
4.513000	0.466850
4.514000	0.465550
4.515000	0.464250
4.516000	0.462949
4.517000	0.461647
4.518000	0.460344
4.519000	0.459041
4.520000	0.457737
4.521000	0.456432
4.522000	0.455126
4.523000	0.453820
4.524000	0.452513
4.525000	0.451205
4.526000	0.449896
4.527000	0.448587
4.528000	0.447277
4.529000	0.445966
4.530000	0.444655
4.531000	0.443343
4.532000	0.442030
4.533000	0.440716
4.534000	0.439402
4.535000	0.438087
4.536000	0.436772
4.537000	0.435456
4.538000	0.434139
4.539000	0.432822
4.540000	0.431504
4.541000	0.430185
4.542000	0.428866
4.543000	0.427546
4.544000	0.426226
4.545000	0.424905
4.546000	0.423584
4.547000	0.422262
4.548000	0.420939
4.549000	0.419616
4.550000	0.418292
4.551000	0.416968
4.552000	0.415643
4.553000	0.414318
4.554000	0.412992
4.555000	0.411666
4.556000	0.410339
4.557000	0.409012
4.558000	0.407684
4.559000	0.406355
4.560000	0.405027
4.561000	0.403698
4.562000	0.402368
4.563000	0.401038
4.564000	0.399707
4.565000	0.398376
4.566000	0.397045
4.567000	0.395713
4.568000	0.394381
4.569000	0.393048
4.570000	0.391715
4.571000	0.390382
4.572000	0.389048
4.573000	0.387714
4.574000	0.386380
4.575000	0.385045
4.576000	0.383710
4.577000	0.382374
4.578000	0.381038
4.579000	0.379702
4.580000	0.378365
4.581000	0.377029
4.582000	0.375691
4.583000	0.374354
4.584000	0.373016
4.585000	0.371678
4.586000	0.370340
4.587000	0.369001
4.588000	0.367663
4.589000	0.366324
4.590000	0.364984
4.591000	0.363645
4.592000	0.362305
4.593000	0.360965
4.594000	0.359625
4.595000	0.358285
4.596000	0.356944
4.597000	0.355603
4.598000	0.354262
4.599000	0.352921
4.600000	0.351580
4.601000	0.350238
4.602000	0.348897
4.603000	0.347555
4.604000	0.346213
4.605000	0.344871
4.606000	0.343529
4.607000	0.342186
4.608000	0.340844
4.609000	0.339502
4.610000	0.338159
4.611000	0.336816
4.612000	0.335474
4.613000	0.334131
4.614000	0.332788
4.615000	0.331445
4.616000	0.330102
4.617000	0.328759
4.618000	0.327416
4.619000	0.326073
4.620000	0.324729
4.621000	0.323386
4.622000	0.322043
4.623000	0.320700
4.624000	0.319357
4.625000	0.318014
4.626000	0.316671
4.627000	0.315327
4.628000	0.313984
4.629000	0.312641
4.630000	0.311298
4.631000	0.309956
4.632000	0.308613
4.633000	0.307270
4.634000	0.305927
4.635000	0.304585
4.636000	0.303242
4.637000	0.301900
4.638000	0.300558
4.639000	0.299215
4.640000	0.297873
4.641000	0.296532
4.642000	0.295190
4.643000	0.293848
4.644000	0.292507
4.645000	0.291165
4.646000	0.289824
4.647000	0.288483
4.648000	0.287143
4.649000	0.285802
4.650000	0.284462
4.651000	0.283122
4.652000	0.281782
4.653000	0.280442
4.654000	0.279102
4.655000	0.277763
4.656000	0.276424
4.657000	0.275085
4.658000	0.273747
4.659000	0.272408
4.660000	0.271070
4.661000	0.269733
4.662000	0.268395
4.663000	0.267058
4.664000	0.265721
4.665000	0.264385
4.666000	0.263049
4.667000	0.261713
4.668000	0.260377
4.669000	0.259042
4.670000	0.257707
4.671000	0.256372
4.672000	0.255038
4.673000	0.253704
4.674000	0.252371
4.675000	0.251038
4.676000	0.249705
4.677000	0.248373
4.678000	0.247041
4.679000	0.245709
4.680000	0.244378
4.681000	0.243047
4.682000	0.241717
4.683000	0.240387
4.684000	0.239058
4.685000	0.237729
4.686000	0.236401
4.687000	0.235073
4.688000	0.233745
4.689000	0.232418
4.690000	0.231091
4.691000	0.229765
4.692000	0.228440
4.693000	0.227115
4.694000	0.225790
4.695000	0.224466
4.696000	0.223142
4.697000	0.221819
4.698000	0.220497
4.699000	0.219175
4.700000	0.217853
4.701000	0.216533
4.702000	0.215212
4.703000	0.213893
4.704000	0.212574
4.705000	0.211255
4.706000	0.209937
4.707000	0.208620
4.708000	0.207303
4.709000	0.205987
4.710000	0.204671
4.711000	0.203357
4.712000	0.202042
4.713000	0.200729
4.714000	0.199416
4.715000	0.198104
4.716000	0.196792
4.717000	0.195481
4.718000	0.194171
4.719000	0.192861
4.720000	0.191552
4.721000	0.190244
4.722000	0.188937
4.723000	0.187630
4.724000	0.186324
4.725000	0.185018
4.726000	0.183714
4.727000	0.182410
4.728000	0.181107
4.729000	0.179804
4.730000	0.178503
4.731000	0.177202
4.732000	0.175902
4.733000	0.174602
4.734000	0.173304
4.735000	0.172006
4.736000	0.170709
4.737000	0.169413
4.738000	0.168118
4.739000	0.166823
4.740000	0.165529
4.741000	0.164236
4.742000	0.162944
4.743000	0.161653
4.744000	0.160363
4.745000	0.159073
4.746000	0.157785
4.747000	0.156497
4.748000	0.155210
4.749000	0.153924
4.750000	0.152639
4.751000	0.151355
4.752000	0.150071
4.753000	0.148789
4.754000	0.147508
4.755000	0.146227
4.756000	0.144947
4.757000	0.143669
4.758000	0.142391
4.759000	0.141114
4.760000	0.139838
4.761000	0.138563
4.762000	0.137289
4.763000	0.136016
4.764000	0.134744
4.765000	0.133473
4.766000	0.132203
4.767000	0.130934
4.768000	0.129666
4.769000	0.128399
4.770000	0.127133
4.771000	0.125868
4.772000	0.124604
4.773000	0.123342
4.774000	0.122080
4.775000	0.120819
4.776000	0.119559
4.777000	0.118300
4.778000	0.117043
4.779000	0.115786
4.780000	0.114531
4.781000	0.113276
4.782000	0.112023
4.783000	0.110771
4.784000	0.109520
4.785000	0.108270
4.786000	0.107021
4.787000	0.105773
4.788000	0.104527
4.789000	0.103281
4.790000	0.102037
4.791000	0.100794
4.792000	0.099552
4.793000	0.098311
4.794000	0.097071
4.795000	0.095833
4.796000	0.094595
4.797000	0.093359
4.798000	0.092124
4.799000	0.090891
4.800000	0.089658
4.801000	0.088427
4.802000	0.087197
4.803000	0.085968
4.804000	0.084740
4.805000	0.083514
4.806000	0.082288
4.807000	0.081064
4.808000	0.079842
4.809000	0.078620
4.810000	0.077400
4.811000	0.076181
4.812000	0.074963
4.813000	0.073747
4.814000	0.072532
4.815000	0.071318
4.816000	0.070106
4.817000	0.068894
4.818000	0.067685
4.819000	0.066476
4.820000	0.065269
4.821000	0.064063
4.822000	0.062858
4.823000	0.061655
4.824000	0.060453
4.825000	0.059253
4.826000	0.058053
4.827000	0.056856
4.828000	0.055659
4.829000	0.054464
4.830000	0.053270
4.831000	0.052078
4.832000	0.050887
4.833000	0.049698
4.834000	0.048509
4.835000	0.047323
4.836000	0.046137
4.837000	0.044954
4.838000	0.043771
4.839000	0.042590
4.840000	0.041410
4.841000	0.040232
4.842000	0.039056
4.843000	0.037880
4.844000	0.036706
4.845000	0.035534
4.846000	0.034363
4.847000	0.033194
4.848000	0.032026
4.849000	0.030859
4.850000	0.029695
4.851000	0.028531
4.852000	0.027369
4.853000	0.026209
4.854000	0.025050
4.855000	0.023892
4.856000	0.022737
4.857000	0.021582
4.858000	0.020429
4.859000	0.019278
4.860000	0.018128
4.861000	0.016980
4.862000	0.015834
4.863000	0.014688
4.864000	0.013545
4.865000	0.012403
4.866000	0.011263
4.867000	0.010124
4.868000	0.008987
4.869000	0.007851
4.870000	0.006717
4.871000	0.005585
4.872000	0.004454
4.873000	0.003325
4.874000	0.002197
4.875000	0.001071
4.876000	-0.000053
4.877000	-0.001176
4.878000	-0.002297
4.879000	-0.003416
4.880000	-0.004534
4.881000	-0.005650
4.882000	-0.006764
4.883000	-0.007877
4.884000	-0.008988
4.885000	-0.010098
4.886000	-0.011205
4.887000	-0.012311
4.888000	-0.013416
4.889000	-0.014518
4.890000	-0.015619
4.891000	-0.016719
4.892000	-0.017816
4.893000	-0.018912
4.894000	-0.020006
4.895000	-0.021099
4.896000	-0.022189
4.897000	-0.023278
4.898000	-0.024365
4.899000	-0.025451
4.900000	-0.026535
4.901000	-0.027617
4.902000	-0.028697
4.903000	-0.029775
4.904000	-0.030852
4.905000	-0.031927
4.906000	-0.033000
4.907000	-0.034071
4.908000	-0.035141
4.909000	-0.036209
4.910000	-0.037275
4.911000	-0.038339
4.912000	-0.039401
4.913000	-0.040462
4.914000	-0.041520
4.915000	-0.042577
4.916000	-0.043632
4.917000	-0.044686
4.918000	-0.045737
4.919000	-0.046787
4.920000	-0.047834
4.921000	-0.048880
4.922000	-0.049924
4.923000	-0.050967
4.924000	-0.052007
4.925000	-0.053046
4.926000	-0.054082
4.927000	-0.055117
4.928000	-0.056150
4.929000	-0.057181
4.930000	-0.058210
4.931000	-0.059237
4.932000	-0.060262
4.933000	-0.061286
4.934000	-0.062307
4.935000	-0.063327
4.936000	-0.064345
4.937000	-0.065360
4.938000	-0.066374
4.939000	-0.067386
4.940000	-0.068396
4.941000	-0.069404
4.942000	-0.070410
4.943000	-0.071415
4.944000	-0.072417
4.945000	-0.073417
4.946000	-0.074416
4.947000	-0.075412
4.948000	-0.076406
4.949000	-0.077399
4.950000	-0.078389
4.951000	-0.079378
4.952000	-0.080364
4.953000	-0.081349
4.954000	-0.082331
4.955000	-0.083312
4.956000	-0.084291
4.957000	-0.085267
4.958000	-0.086242
4.959000	-0.087214
4.960000	-0.088185
4.961000	-0.089153
4.962000	-0.090120
4.963000	-0.091084
4.964000	-0.092047
4.965000	-0.093007
4.966000	-0.093966
4.967000	-0.094922
4.968000	-0.095877
4.969000	-0.096829
4.970000	-0.097779
4.971000	-0.098727
4.972000	-0.099673
4.973000	-0.100617
4.974000	-0.101559
4.975000	-0.102499
4.976000	-0.103437
4.977000	-0.104373
4.978000	-0.105307
4.979000	-0.106238
4.980000	-0.107168
4.981000	-0.108095
4.982000	-0.109021
4.983000	-0.109944
4.984000	-0.110865
4.985000	-0.111784
4.986000	-0.112701
4.987000	-0.113616
4.988000	-0.114529
4.989000	-0.115439
4.990000	-0.116348
4.991000	-0.117254
4.992000	-0.118158
4.993000	-0.119060
4.994000	-0.119960
4.995000	-0.120858
4.996000	-0.121754
4.997000	-0.122647
4.998000	-0.123539
4.999000	-0.124428
