0	100.1000000000317413650919	 0.0076380741710628582281
1	100.1000000000317413650919	 0.0071356184634098762665
2	100.1000000000317413650919	 0.0068505868996201939661
3	100.1000000000317413650919	 0.0072115647877452424691
4	100.1000000000317413650919	 0.0073628033408749214012
5	100.1000000000317413650919	 0.0075045860088049113831
6	100.1000000000317413650919	 0.0071913466964638097373
7	100.1000000000317413650919	 0.0065555085201242065465
8	100.1000000000317413650919	 0.0067562847616178811627
9	100.1000000000317413650919	 0.0068982363884217585970
10	100.1000000000317413650919	 0.0074268035406172966395
11	100.1000000000317413650919	 0.0074732022228373336248
12	100.1000000000317413650919	 0.0074456919487428524507
13	100.1000000000317413650919	 0.0079078553293010570013
14	100.1000000000317413650919	 0.0078880691558040842010
15	100.1000000000317413650919	 0.0796368290632713249355
16	100.1000000000317413650919	 0.0762921956824405278486
17	100.1000000000317413650919	 0.0681170900446573940323
18	100.1000000000317413650919	 0.0785519314629859466415
19	100.1000000000317413650919	 0.0717222761006695991304
20	100.1000000000317413650919	 0.0783151430984452417983
21	100.1000000000317413650919	 0.0775342821459274744722
22	100.1000000000317413650919	 0.0739316546627881571174
23	100.1000000000317413650919	 0.0782267561308587489055
24	100.1000000000317413650919	 0.0740647693207013291250
25	100.1000000000317413650919	 0.0716908268168617857086
26	100.1000000000317413650919	 0.0705046113409373564895
27	100.1000000000317413650919	 0.0803163479764972404462
28	100.1000000000317413650919	 0.0725219525166816009198
29	100.1000000000317413650919	 0.0757297823816615173209
0	100.2000000000634827301838	 0.0072456899367132265519
1	100.2000000000634827301838	 0.0066178621448330070959
2	100.2000000000634827301838	 0.0059312638884639525688
3	100.2000000000634827301838	 0.0061701049099931546543
4	100.2000000000634827301838	 0.0060747920678327228111
5	100.2000000000634827301838	 0.0061275952360150568940
6	100.2000000000634827301838	 0.0057874984323734134095
7	100.2000000000634827301838	 0.0052476736285776218183
8	100.2000000000634827301838	 0.0058072807104695995523
9	100.2000000000634827301838	 0.0062612109065801075519
10	100.2000000000634827301838	 0.0068887947476580380785
11	100.2000000000634827301838	 0.0069287233066215609539
12	100.2000000000634827301838	 0.0071034859791308784666
13	100.2000000000634827301838	 0.0079192780662323859764
14	100.2000000000634827301838	 0.0078963169684741936483
15	100.2000000000634827301838	 0.1188800815451330206152
16	100.2000000000634827301838	 0.1144615035844750300376
17	100.2000000000634827301838	 0.1034065239760269816482
18	100.2000000000634827301838	 0.1174592052109602463572
19	100.2000000000634827301838	 0.1083252135696719797853
20	100.2000000000634827301838	 0.1171568022315470636308
21	100.2000000000634827301838	 0.1161228858434705940583
22	100.2000000000634827301838	 0.1113072419015884439997
23	100.2000000000634827301838	 0.1170377419224429976774
24	100.2000000000634827301838	 0.1114784165851586683615
25	100.2000000000634827301838	 0.1082653320223065929184
26	100.2000000000634827301838	 0.1066647825598202453667
27	100.2000000000634827301838	 0.1197974782866386977975
28	100.2000000000634827301838	 0.1094064870679746226401
29	100.2000000000634827301838	 0.1137098658540574153131
0	100.3000000000952240952756	 0.0058192978194791591950
1	100.3000000000952240952756	 0.0052994146167207835038
2	100.3000000000952240952756	 0.0051547260190458682808
3	100.3000000000952240952756	 0.0054334800466402256164
4	100.3000000000952240952756	 0.0055691952985670103993
5	100.3000000000952240952756	 0.0056160625261718454676
6	100.3000000000952240952756	 0.0053304291401574934936
7	100.3000000000952240952756	 0.0050654914937991006585
8	100.3000000000952240952756	 0.0053768193143051501784
9	100.3000000000952240952756	 0.0057029542073382608058
10	100.3000000000952240952756	 0.0063091784469194471183
11	100.3000000000952240952756	 0.0065556815853130469968
12	100.3000000000952240952756	 0.0071093843116804902871
13	100.3000000000952240952756	 0.0078889250390930427959
14	100.3000000000952240952756	 0.0078524555210989187282
15	100.3000000000952240952756	 0.1456995868104975222490
16	100.3000000000952240952756	 0.1406919142791380195057
17	100.3000000000952240952756	 0.1281424435498801916999
18	100.3000000000952240952756	 0.1440525161014058475040
19	100.3000000000952240952756	 0.1337601375222188249126
20	100.3000000000952240952756	 0.1437343243819539650996
21	100.3000000000952240952756	 0.1425768206347066691109
22	100.3000000000952240952756	 0.1371429448540665840817
23	100.3000000000952240952756	 0.1435970181547372714892
24	100.3000000000952240952756	 0.1373219047371560530557
25	100.3000000000952240952756	 0.1336591515329697832382
26	100.3000000000952240952756	 0.1318565672268374178167
27	100.3000000000952240952756	 0.1466884875292392698132
28	100.3000000000952240952756	 0.1349871155324917637586
29	100.3000000000952240952756	 0.1398431452597465596277
0	100.4000000001269654603675	 0.0051099434426101746770
1	100.4000000001269654603675	 0.0046613512940376139113
2	100.4000000001269654603675	 0.0043931973451398010147
3	100.4000000001269654603675	 0.0047568543388166106486
4	100.4000000001269654603675	 0.0048388892062466437594
5	100.4000000001269654603675	 0.0051296283093860382818
6	100.4000000001269654603675	 0.0050937974793239734761
7	100.4000000001269654603675	 0.0049662563671217579628
8	100.4000000001269654603675	 0.0053466754129753843103
9	100.4000000001269654603675	 0.0056884650685563257350
10	100.4000000001269654603675	 0.0063096729234900150382
11	100.4000000001269654603675	 0.0065560680539183784077
12	100.4000000001269654603675	 0.0070071300979356859057
13	100.4000000001269654603675	 0.0077795133788390851554
14	100.4000000001269654603675	 0.0077648953914980917146
15	100.4000000001269654603675	 0.1658146740299472621238
16	100.4000000001269654603675	 0.1603554446449745596315
17	100.4000000001269654603675	 0.1469094119191302338923
18	100.4000000001269654603675	 0.1639172648996528314225
19	100.4000000001269654603675	 0.1529615720706832826536
20	100.4000000001269654603675	 0.1636110932478335444618
21	100.4000000001269654603675	 0.1623858789141072456186
22	100.4000000001269654603675	 0.1565857864040339220146
23	100.4000000001269654603675	 0.1634595850487205459522
24	100.4000000001269654603675	 0.1567547554487756789054
25	100.4000000001269654603675	 0.1528032737305106136816
26	100.4000000001269654603675	 0.1508964990256593252660
27	100.4000000001269654603675	 0.1667402467179147362852
28	100.4000000001269654603675	 0.1542754335968013479352
29	100.4000000001269654603675	 0.1594481176917318387964
0	100.5000000001587068254594	 0.0050298494850629735936
1	100.5000000001587068254594	 0.0045328016129233981643
2	100.5000000001587068254594	 0.0042561773713080189308
3	100.5000000001587068254594	 0.0045980692312137978750
4	100.5000000001587068254594	 0.0047010585110603313533
5	100.5000000001587068254594	 0.0049528298784242402036
6	100.5000000001587068254594	 0.0048584806958322183240
7	100.5000000001587068254594	 0.0046179216027375001932
8	100.5000000001587068254594	 0.0050088832011032299873
9	100.5000000001587068254594	 0.0054567535621982514449
10	100.5000000001587068254594	 0.0063196885729199514525
11	100.5000000001587068254594	 0.0065564543732234241424
12	100.5000000001587068254594	 0.0070073761817828674608
13	100.5000000001587068254594	 0.0077796270551742279301
14	100.5000000001587068254594	 0.0077650107416608153688
15	100.5000000001587068254594	 0.1815963390719461112432
16	100.5000000001587068254594	 0.1757804603666085485614
17	100.5000000001587068254594	 0.1617683053743296794913
18	100.5000000001587068254594	 0.1794517092519073986345
19	100.5000000001587068254594	 0.1681109392959811710266
20	100.5000000001587068254594	 0.1791783590761746314257
21	100.5000000001587068254594	 0.1779172083950057714485
22	100.5000000001587068254594	 0.1718890596547938132144
23	100.5000000001587068254594	 0.1790139023340736601497
24	100.5000000001587068254594	 0.1720343005029470184741
25	100.5000000001587068254594	 0.1678777039478780985782
26	100.5000000001587068254594	 0.1659255770343968094949
27	100.5000000001587068254594	 0.1824049171264991442420
28	100.5000000001587068254594	 0.1694790267889439983051
29	100.5000000001587068254594	 0.1748352134908665311830
0	100.6000000001904481905513	 0.0050028713407130600763
1	100.6000000001904481905513	 0.0045357196443002525954
2	100.6000000001904481905513	 0.0042583417314965522557
3	100.6000000001904481905513	 0.0046008031435882451241
4	100.6000000001904481905513	 0.0047035252032918209442
5	100.6000000001904481905513	 0.0049069090825808363635
6	100.6000000001904481905513	 0.0048207752352364546811
7	100.6000000001904481905513	 0.0045965657921128288271
8	100.6000000001904481905513	 0.0050106969211093435601
9	100.6000000001904481905513	 0.0054579128860006761309
10	100.6000000001904481905513	 0.0062551787745597922999
11	100.6000000001904481905513	 0.0065568405433434956073
12	100.6000000001904481905513	 0.0070076222050876888284
13	100.6000000001904481905513	 0.0077900895158794980153
14	100.6000000001904481905513	 0.0077606442653135702947
15	100.6000000001904481905513	 0.1941416709876358226428
16	100.6000000001904481905513	 0.1881867172332146176394
17	100.6000000001904481905513	 0.1738219150278095814777
18	100.6000000001904481905513	 0.1919053987000591821044
19	100.6000000001904481905513	 0.1803641770782060671507
20	100.6000000001904481905513	 0.1916828527629605427585
21	100.6000000001904481905513	 0.1904072435749378511272
22	100.6000000001904481905513	 0.1842400776289535857533
23	100.6000000001904481905513	 0.1915054613690940765736
24	100.6000000001904481905513	 0.1843494624135012804889
25	100.6000000001904481905513	 0.1800376062708742841423
26	100.6000000001904481905513	 0.1780819216978244690086
27	100.6000000001904481905513	 0.1949551004137110021830
28	100.6000000001904481905513	 0.1817652664234410964106
29	100.6000000001904481905513	 0.1872163689136802089408
0	100.7000000002221895556431	 0.0050046959874208403821
1	100.7000000002221895556431	 0.0045386291855384740951
2	100.7000000002221895556431	 0.0042621795684796934950
3	100.7000000002221895556431	 0.0046035296020595084521
4	100.7000000002221895556431	 0.0047059858259215145426
5	100.7000000002221895556431	 0.0049089173187671711340
6	100.7000000002221895556431	 0.0048229639191479231272
7	100.7000000002221895556431	 0.0045993038122232564324
8	100.7000000002221895556431	 0.0050125073574898764903
9	100.7000000002221895556431	 0.0054590708673276349544
10	100.7000000002221895556431	 0.0062557006796369590135
11	100.7000000002221895556431	 0.0065572265643937697674
12	100.7000000002221895556431	 0.0070010011471953650236
13	100.7000000002221895556431	 0.0077647042934768980421
14	100.7000000002221895556431	 0.0077190634034709814174
15	100.7000000002221895556431	 0.2043048923859899501654
16	100.7000000002221895556431	 0.1982909945539587659447
17	100.7000000002221895556431	 0.1837277501991716188723
18	100.7000000002221895556431	 0.2020101003432175079677
19	100.7000000002221895556431	 0.1904059930327471061862
20	100.7000000002221895556431	 0.2018551113737802327197
21	100.7000000002221895556431	 0.2005813908290469960161
22	100.7000000002221895556431	 0.1943395186325629631074
23	100.7000000002221895556431	 0.2016641311642251022107
24	100.7000000002221895556431	 0.1944015894214655426619
25	100.7000000002221895556431	 0.1899671674183129321811
26	100.7000000002221895556431	 0.1880410820258920367998
27	100.7000000002221895556431	 0.2051341371065490415404
28	100.7000000002221895556431	 0.1918246727370312709748
29	100.7000000002221895556431	 0.1973045870429682990821
0	100.8000000002539309207350	 0.0050065173108558898990
1	100.8000000002539309207350	 0.0045415302858996236396
2	100.8000000002539309207350	 0.0042660027327636115824
3	100.8000000002539309207350	 0.0046062486471626380019
4	100.8000000002539309207350	 0.0047084404087461249888
5	100.8000000002539309207350	 0.0049109215300225878345
6	100.8000000002539309207350	 0.0048251478231818648035
7	100.8000000002539309207350	 0.0046020343560451305170
8	100.8000000002539309207350	 0.0050143145221129377040
9	100.8000000002539309207350	 0.0054602275092846567703
10	100.8000000002539309207350	 0.0062562223124712958849
11	100.8000000002539309207350	 0.0065532998916099111791
12	100.8000000002539309207350	 0.0069911281483276740273
13	100.8000000002539309207350	 0.0077257300020108386415
14	100.8000000002539309207350	 0.0076743577404085310673
15	100.8000000002539309207350	 0.2125706234453174914290
16	100.8000000002539309207350	 0.2065481300409076625968
17	100.8000000002539309207350	 0.1919075323470342542276
18	100.8000000002539309207350	 0.2102289004189765997399
19	100.8000000002539309207350	 0.1986734546815326907243
20	100.8000000002539309207350	 0.2101577346118645717166
21	100.8000000002539309207350	 0.2088994414862756499041
22	100.8000000002539309207350	 0.2026334451128174451995
23	100.8000000002539309207350	 0.2099520905695944905656
24	100.8000000002539309207350	 0.2026369651838484664541
25	100.8000000002539309207350	 0.1981030441994759694335
26	100.8000000002539309207350	 0.1962349027957934199939
27	100.8000000002539309207350	 0.2134115572416939721201
28	100.8000000002539309207350	 0.2000975730030441490648
29	100.8000000002539309207350	 0.2055526860928920118710
0	100.9000000002856722858269	 0.0050083353231017172999
1	100.9000000002856722858269	 0.0045444229942177560844
2	100.9000000002856722858269	 0.0042698113361135624222
3	100.9000000002856722858269	 0.0046089603191029268614
4	100.9000000002856722858269	 0.0047108889813434820515
5	100.9000000002856722858269	 0.0049129217324484506305
6	100.9000000002856722858269	 0.0048273269681703874501
7	100.9000000002856722858269	 0.0046047574642959845925
8	100.9000000002856722858269	 0.0050161184267824105928
9	100.9000000002856722858269	 0.0054613828149665047396
10	100.9000000002856722858269	 0.0062567436733466747986
11	100.9000000002856722858269	 0.0065434978062848727504
12	100.9000000002856722858269	 0.0069524107770558528363
13	100.9000000002856722858269	 0.0076820355025052806941
14	100.9000000002856722858269	 0.0076122573046499050070
15	100.9000000002856722858269	 0.2192647068642868402044
16	100.9000000002856722858269	 0.2132625101518086097041
17	100.9000000002856722858269	 0.1986459643414850428922
18	100.9000000002856722858269	 0.2168709364741299439050
19	100.9000000002856722858269	 0.2054604979447463841691
20	100.9000000002856722858269	 0.2168997900194176986499
21	100.9000000002856722858269	 0.2156688466161497952367
22	100.9000000002856722858269	 0.2094212153208982740704
23	100.9000000002856722858269	 0.2166781023201128919542
24	100.9000000002856722858269	 0.2093549111533331286150
25	100.9000000002856722858269	 0.2047388051396112351732
26	100.9000000002856722858269	 0.2029541129930286513794
27	100.9000000002856722858269	 0.2201003348308345208828
28	100.9000000002856722858269	 0.2068798503567465252306
29	100.9000000002856722858269	 0.2122639065279525172336
0	101.0000000003174136509188	 0.0050101500361760453392
1	101.0000000003174136509188	 0.0045473073589043649934
2	101.0000000003174136509188	 0.0042736054890226311820
3	101.0000000003174136509188	 0.0046116646577594819917
4	101.0000000003174136509188	 0.0047133315730746782810
5	101.0000000003174136509188	 0.0049149179420496982157
6	101.0000000003174136509188	 0.0048295013748097075090
7	101.0000000003174136509188	 0.0046074731773616270716
8	101.0000000003174136509188	 0.0050179190832384161849
9	101.0000000003174136509188	 0.0054625367874572292384
10	101.0000000003174136509188	 0.0062572647625465270191
11	101.0000000003174136509188	 0.0065323765819427703425
12	101.0000000003174136509188	 0.0069293803146393828651
13	101.0000000003174136509188	 0.0076418996429751199356
14	101.0000000003174136509188	 0.0075561739583914974694
15	101.0000000003174136509188	 0.2245920879373440870452
16	101.0000000003174136509188	 0.2186454110410796514152
17	101.0000000003174136509188	 0.2041422566658531723149
18	101.0000000003174136509188	 0.2221502170759960814728
19	101.0000000003174136509188	 0.2109720998005332748271
20	101.0000000003174136509188	 0.2222954945845753427225
21	101.0000000003174136509188	 0.2211028885388079401331
22	101.0000000003174136509188	 0.2149112155316348360401
23	101.0000000003174136509188	 0.2220561329040804388057
24	101.0000000003174136509188	 0.2147635986891126558262
25	101.0000000003174136509188	 0.2100790637084598844186
26	101.0000000003174136509188	 0.2084016115540897884362
27	101.0000000003174136509188	 0.2254168500697208699091
28	101.0000000003174136509188	 0.2123776848308029097101
29	101.0000000003174136509188	 0.2176488659595387231693
0	101.1000000003491550160106	 0.0050119614620312922387
1	101.1000000003491550160106	 0.0045501834279532398647
2	101.1000000003491550160106	 0.0042773853007309738453
3	101.1000000003491550160106	 0.0046143617026887431137
4	101.1000000003491550160106	 0.0047157682130861793002
5	101.1000000003491550160106	 0.0049169101747356114274
6	101.1000000003491550160106	 0.0048316710636613297361
7	101.1000000003491550160106	 0.0046101815352997217376
8	101.1000000003491550160106	 0.0050197165031577659078
9	101.1000000003491550160106	 0.0054636894298302164305
10	101.1000000003491550160106	 0.0062624742582162353649
11	101.1000000003491550160106	 0.0065090800200841196846
12	101.1000000003491550160106	 0.0068979459895867224067
13	101.1000000003491550160106	 0.0075872370051911480066
14	101.1000000003491550160106	 0.0074914807074373257478
15	101.1000000003491550160106	 0.2287089437996480123516
16	101.1000000003491550160106	 0.2228468562461296265109
17	101.1000000003491550160106	 0.2085390980147811268441
18	101.1000000003491550160106	 0.2262182270837103381655
19	101.1000000003491550160106	 0.2153545825885681830325
20	101.1000000003491550160106	 0.2264967631019091653943
21	101.1000000003491550160106	 0.2253529788885825779765
22	101.1000000003491550160106	 0.2192519463529341294805
23	101.1000000003491550160106	 0.2262378676011599365481
24	101.1000000003491550160106	 0.2190111669974955377338
25	101.1000000003491550160106	 0.2142697535277758302819
26	101.1000000003491550160106	 0.2127223214465660261485
27	101.1000000003491550160106	 0.2295140621146445625289
28	101.1000000003491550160106	 0.2167381420221972943008
29	101.1000000003491550160106	 0.2218572477041777790685
0	101.2000000003808963811025	 0.0050137696125550339915
1	101.2000000003808963811025	 0.0045530512489452522329
2	101.2000000003808963811025	 0.0042811508792446788599
3	101.2000000003808963811025	 0.0046170514931279538900
4	101.2000000003808963811025	 0.0047181989303119072077
5	101.2000000003808963811025	 0.0049188984463205773917
6	101.2000000003808963811025	 0.0048338360551532085982
7	101.2000000003808963811025	 0.0046128825778433430599
8	101.2000000003808963811025	 0.0050215106981544230247
9	101.2000000003808963811025	 0.0054648407451482359717
10	101.2000000003808963811025	 0.0062507292111144870106
11	101.2000000003808963811025	 0.0064907277106438067762
12	101.2000000003808963811025	 0.0068591910996892713204
13	101.2000000003808963811025	 0.0075449412484370481646
14	101.2000000003808963811025	 0.0074250584071060580713
15	101.2000000003808963811025	 0.2317239362073190145352
16	101.2000000003808963811025	 0.2259743860421113414993
17	101.2000000003808963811025	 0.2119398883179770265439
18	101.2000000003808963811025	 0.2291830714897019338760
19	101.2000000003808963811025	 0.2187135612296358944118
20	101.2000000003808963811025	 0.2296123361350973224315
21	101.2000000003808963811025	 0.2285276584206302752378
22	101.2000000003808963811025	 0.2225503867595390317113
23	101.2000000003808963811025	 0.2293318176376842321140
24	101.2000000003808963811025	 0.2222040939988200736188
25	101.2000000003808963811025	 0.2174160494683400612903
26	101.2000000003808963811025	 0.2160208914220011211516
27	101.2000000003808963811025	 0.2325009524865177534814
28	101.2000000003808963811025	 0.2200672708852053349737
29	101.2000000003808963811025	 0.2249964741609238594311
0	101.3000000004126377461944	 0.0050155744995704874822
1	101.3000000004126377461944	 0.0045559108690530845248
2	101.3000000004126377461944	 0.0042849023313542948521
3	101.3000000004126377461944	 0.0046197340679985862688
4	101.3000000004126377461944	 0.0047206237534753083679
5	101.3000000004126377461944	 0.0049208827725248389245
6	101.3000000004126377461944	 0.0048359963695809096706
7	101.3000000004126377461944	 0.0046155763444044681926
8	101.3000000004126377461944	 0.0050233016797799493261
9	101.3000000004126377461944	 0.0054659907364634939195
10	101.3000000004126377461944	 0.0062395863322396490774
11	101.3000000004126377461944	 0.0064558925787581693950
12	101.3000000004126377461944	 0.0068123072459886514080
13	101.3000000004126377461944	 0.0074782057311942647798
14	101.3000000004126377461944	 0.0073505299424563132552
15	101.3000000004126377461944	 0.2337209080473500733000
16	101.3000000004126377461944	 0.2281045695910805803930
17	101.3000000004126377461944	 0.2144194234788865394137
18	101.3000000004126377461944	 0.2311211765482557023432
19	101.3000000004126377461944	 0.2211250223992620167479
20	101.3000000004126377461944	 0.2317194904431466029315
21	101.3000000004126377461944	 0.2307042431082828859434
22	101.3000000004126377461944	 0.2248833022420325955526
23	101.3000000004126377461944	 0.2314150152640480351263
24	101.3000000004126377461944	 0.2244184957512868616725
25	101.3000000004126377461944	 0.2195934196973572949396
26	101.3000000004126377461944	 0.2183726340510299956943
27	101.3000000004126377461944	 0.2344543883412861240423
28	101.3000000004126377461944	 0.2224412642846694820875
29	101.3000000004126377461944	 0.2271431708598514453978
0	101.4000000004443791112863	 0.0050173761348369597807
1	101.4000000004443791112863	 0.0045587623350458877924
2	101.4000000004443791112863	 0.0042886397626529992530
3	101.4000000004443791112863	 0.0046224094659097214599
4	101.4000000004443791112863	 0.0047230427110913839051
5	101.4000000004443791112863	 0.0049228631689752430645
6	101.4000000004443791112863	 0.0048381520271087441465
7	101.4000000004443791112863	 0.0046182628740774299414
8	101.4000000004443791112863	 0.0050250894595239474841
9	101.4000000004443791112863	 0.0054671394068176734984
10	101.4000000004443791112863	 0.0062258179588643419028
11	101.4000000004443791112863	 0.0064300350250137312813
12	101.4000000004443791112863	 0.0067732452119178658545
13	101.4000000004443791112863	 0.0074208370757264186315
14	101.4000000004443791112863	 0.0072799877951050138633
15	101.4000000004443791112863	 0.2347470645110831255487
16	101.4000000004443791112863	 0.2292902458115285146967
17	101.4000000004443791112863	 0.2160307018927620226201
18	101.4000000004443791112863	 0.2320846000897672511964
19	101.4000000004443791112863	 0.2226423455752129521024
20	101.4000000004443791112863	 0.2328713781528790049968
21	101.4000000004443791112863	 0.2319361364690254723175
22	101.4000000004443791112863	 0.2263043893540115647500
23	101.4000000004443791112863	 0.2325403394110709398568
24	101.4000000004443791112863	 0.2257072499053117964340
25	101.4000000004443791112863	 0.2208546157443998791958
26	101.4000000004443791112863	 0.2198304627325604054811
27	101.4000000004443791112863	 0.2354265173215336071078
28	101.4000000004443791112863	 0.2239135221383775631310
29	101.4000000004443791112863	 0.2283503768147863988158
0	101.5000000004761204763781	 0.0050191745300503182517
1	101.5000000004761204763781	 0.0045616056932938631174
2	101.5000000004761204763781	 0.0042923632775544312556
3	101.5000000004761204763781	 0.0046250777251613814714
4	101.5000000004761204763781	 0.0047254558314687045845
5	101.5000000004761204763781	 0.0049248396512059748609
6	101.5000000004761204763781	 0.0048403030477709042129
7	101.5000000004761204763781	 0.0046209422056423220260
8	101.5000000004761204763781	 0.0050268740488145129477
9	101.5000000004761204763781	 0.0054682867592419940814
10	101.5000000004761204763781	 0.0062046798209072114016
11	101.5000000004761204763781	 0.0064071943201908718168
12	101.5000000004761204763781	 0.0067292170347593681379
13	101.5000000004761204763781	 0.0073690477261413225157
14	101.5000000004761204763781	 0.0072089963144691716901
15	101.5000000004761204763781	 0.2348288949781907053449
16	101.5000000004761204763781	 0.2295650638281313826727
17	101.5000000004761204763781	 0.2168093022912284950632
18	101.5000000004761204763781	 0.2321055813284681468289
19	101.5000000004761204763781	 0.2233007837432016418067
20	101.5000000004761204763781	 0.2331016246550885184785
21	101.5000000004761204763781	 0.2322574261741430223793
22	101.5000000004761204763781	 0.2268488144217543911463
23	101.5000000004761204763781	 0.2327410996333844628303
24	101.5000000004761204763781	 0.2261045009906609837280
25	101.5000000004761204763781	 0.2212341156435010947057
26	101.5000000004761204763781	 0.2204293218443239832371
27	101.5000000004761204763781	 0.2354493526476990894469
28	101.5000000004761204763781	 0.2245191493005797012117
29	101.5000000004761204763781	 0.2286520878948733737079
0	101.6000000005078618414700	 0.0050209696968434398487
1	101.6000000005078618414700	 0.0045644409897727935763
2	101.6000000005078618414700	 0.0042960729793101951751
3	101.6000000005078618414700	 0.0046277388837478207473
4	101.6000000005078618414700	 0.0047278631427113979382
5	101.6000000005078618414700	 0.0049268122346592972335
6	101.6000000005078618414700	 0.0048424494514725750088
7	101.6000000005078618414700	 0.0046236143775683540350
8	101.6000000005078618414700	 0.0050286554590186641547
9	101.6000000005078618414700	 0.0054694327967572484855
10	101.6000000005078618414700	 0.0061946536001996318002
11	101.6000000005078618414700	 0.0063669021898024062353
12	101.6000000005078618414700	 0.0066831452966756941386
13	101.6000000005078618414700	 0.0073034379226249801845
14	101.6000000005078618414700	 0.0071343395639504080322
15	101.6000000005078618414700	 0.2339913447613801988911
16	101.6000000005078618414700	 0.2289462158893766086099
17	101.6000000005078618414700	 0.2167761493498076841302
18	101.6000000005078618414700	 0.2311992263458719776281
19	101.6000000005078618414700	 0.2231202531696617197277
20	101.6000000005078618414700	 0.2324270847724426714009
21	101.6000000005078618414700	 0.2316856600073134431206
22	101.6000000005078618414700	 0.2265360149468201855782
23	101.6000000005078618414700	 0.2320337760423917261576
24	101.6000000005078618414700	 0.2256284138878792422389
25	101.6000000005078618414700	 0.2207508663407431737102
26	101.6000000005078618414700	 0.2201889471971659462124
27	101.6000000005078618414700	 0.2345374573057340816806
28	101.6000000005078618414700	 0.2242777442388391162531
29	101.6000000005078618414700	 0.2280660130188277012753
0	101.7000000005396032065619	 0.0050227616467866673458
1	101.7000000005396032065619	 0.0045672682700685016122
2	101.7000000005396032065619	 0.0042997689700270420171
3	101.7000000005396032065619	 0.0046303929793607744372
4	101.7000000005396032065619	 0.0047302646727211145744
5	101.7000000005396032065619	 0.0049287809346862639440
6	101.7000000005396032065619	 0.0048445912579910474505
7	101.7000000005396032065619	 0.0046262794280171690847
8	101.7000000005396032065619	 0.0050304337014427788141
9	101.7000000005396032065619	 0.0054705775223738576166
10	101.7000000005396032065619	 0.0061862851134728939761
11	101.7000000005396032065619	 0.0063477227789497363969
12	101.7000000005396032065619	 0.0066442995556401304724
13	101.7000000005396032065619	 0.0072521581126071829951
14	101.7000000005396032065619	 0.0070623602870959999167
15	101.7000000005396032065619	 0.2322242650037747990766
16	101.7000000005396032065619	 0.2274358773619306328673
17	101.7000000005396032065619	 0.2159391329724857644390
18	101.7000000005396032065619	 0.2293648154100132174893
19	101.7000000005396032065619	 0.2221069115117242365187
20	101.7000000005396032065619	 0.2308492504155689462042
21	101.7000000005396032065619	 0.2302232946068961394470
22	101.7000000005396032065619	 0.2253712504495338775357
23	101.7000000005396032065619	 0.2304194064839913402842
24	101.7000000005396032065619	 0.2242826578524978464735
25	101.7000000005396032065619	 0.2194098003482410352838
26	101.7000000005396032065619	 0.2191154297803392936306
27	101.7000000005396032065619	 0.2326892169871798421443
28	101.7000000005396032065619	 0.2231949600038217185194
29	101.7000000005396032065619	 0.2265950301970421909559
0	101.8000000005713445716538	 0.0050245503913882499578
1	101.8000000005713445716538	 0.0045700875793812474265
2	101.8000000005713445716538	 0.0043034513506837283880
3	101.8000000005713445716538	 0.0046330400493926554920
4	101.8000000005713445716538	 0.0047326604491989649956
5	101.8000000005713445716538	 0.0049307457665474464445
6	101.8000000005713445716538	 0.0048467284869767989636
7	101.8000000005713445716538	 0.0046289373948461120384
8	101.8000000005713445716538	 0.0050322087873330267199
9	101.8000000005713445716538	 0.0054778352471878668725
10	101.8000000005713445716538	 0.0061693653491665173191
11	101.8000000005713445716538	 0.0063200446122434802282
12	101.8000000005713445716538	 0.0065999151895482464913
13	101.8000000005713445716538	 0.0071939722325405795408
14	101.8000000005713445716538	 0.0069925809486770119233
15	101.8000000005713445716538	 0.2295074764006106715630
16	101.8000000005713445716538	 0.2250215531096038945602
17	101.8000000005713445716538	 0.2142938381814467052600
18	101.8000000005713445716538	 0.2265859644355965873963
19	101.8000000005713445716538	 0.2202537813726250515156
20	101.8000000005713445716538	 0.2283545539130968637931
21	101.8000000005713445716538	 0.2278580653922061827199
22	101.8000000005713445716538	 0.2233461594312878550905
23	101.8000000005713445716538	 0.2278838626118147026034
24	101.8000000005713445716538	 0.2220568705602543324584
25	101.8000000005713445716538	 0.2172023776533434924474
26	101.8000000005713445716538	 0.2172018371362296196292
27	101.8000000005713445716538	 0.2298869306316864424833
28	101.8000000005713445716538	 0.2212630936958474570098
29	101.8000000005713445716538	 0.2242275903099069933599
0	101.9000000006030859367456	 0.0050263359420947952352
1	101.9000000006030859367456	 0.0045728989625300649202
2	101.9000000006030859367456	 0.0043071202211475779001
3	101.9000000006030859367456	 0.0046356801309397222682
4	101.9000000006030859367456	 0.0047350504996474373359
5	101.9000000006030859367456	 0.0049327067454136364413
6	101.9000000006030859367456	 0.0048488611579545898289
7	101.9000000006030859367456	 0.0046315883156114569588
8	101.9000000006030859367456	 0.0050339807278757947584
9	101.9000000006030859367456	 0.0054610610069206469083
10	101.9000000006030859367456	 0.0061429377330043883135
11	101.9000000006030859367456	 0.0062775360060084994807
12	101.9000000006030859367456	 0.0065539823497020198093
13	101.9000000006030859367456	 0.0071340250295154616911
14	101.9000000006030859367456	 0.0069261668636939281024
15	101.9000000006030859367456	 0.2258155329342993178354
16	101.9000000006030859367456	 0.2216754360544143653833
17	101.9000000006030859367456	 0.2118235043762600189332
18	101.9000000006030859367456	 0.2228296888212703552590
19	101.9000000006030859367456	 0.2175405267638025053056
20	101.9000000006030859367456	 0.2249136344306134072113
21	101.9000000006030859367456	 0.2245623539405891544440
22	101.9000000006030859367456	 0.2204384223801232334239
23	101.9000000006030859367456	 0.2243970785946843571335
24	101.9000000006030859367456	 0.2189261906981375682690
25	101.9000000006030859367456	 0.2141062513166451242164
26	101.9000000006030859367456	 0.2144279995553166895395
27	101.9000000006030859367456	 0.2260957560596739412961
28	101.9000000006030859367456	 0.2184608080066000046493
29	101.9000000006030859367456	 0.2209371496001241441665
0	102.0000000006348273018375	 0.0050281183102917036132
1	102.0000000006348273018375	 0.0045757024639570369196
2	102.0000000006348273018375	 0.0043107756801907225197
3	102.0000000006348273018375	 0.0046383132608051914902
4	102.0000000006348273018375	 0.0047374348513722942811
5	102.0000000006348273018375	 0.0049346638863665519270
6	102.0000000006348273018375	 0.0048509892903245204962
7	102.0000000006348273018375	 0.0046342322275715911936
8	102.0000000006348273018375	 0.0050357495341981093132
9	102.0000000006348273018375	 0.0054557384177681888734
10	102.0000000006348273018375	 0.0061223835986410624077
11	102.0000000006348273018375	 0.0062492411779770020569
12	102.0000000006348273018375	 0.0065012567612634311609
13	102.0000000006348273018375	 0.0070759848282612993961
14	102.0000000006348273018375	 0.0068534783357633594775
15	102.0000000006348273018375	 0.2210971275519795498088
16	102.0000000006348273018375	 0.2173527130262118689519
17	102.0000000006348273018375	 0.2084982261715299378668
18	102.0000000006348273018375	 0.2180442503148856125961
19	102.0000000006348273018375	 0.2139323699706891512839
20	102.0000000006348273018375	 0.2204794792155665150712
21	102.0000000006348273018375	 0.2202914800997962940787
22	102.0000000006348273018375	 0.2166105022741102725803
23	102.0000000006348273018375	 0.2199111384948598812983
24	102.0000000006348273018375	 0.2148498124860464542074
25	102.0000000006348273018375	 0.2100840304766884436560
26	102.0000000006348273018375	 0.2107594506634654363264
27	102.0000000006348273018375	 0.2212613705383468520882
28	102.0000000006348273018375	 0.2147519647302533751798
29	102.0000000006348273018375	 0.2166805691483237317208
0	102.1000000006665686669294	 0.0050298975073036046937
1	102.1000000006665686669294	 0.0045784981277315079523
2	102.1000000006665686669294	 0.0043144178255060672278
3	102.1000000006665686669294	 0.0046409394755023251899
4	102.1000000006665686669294	 0.0047398135314844422328
5	102.1000000006665686669294	 0.0049366172043995328045
6	102.1000000006665686669294	 0.0048531129033631010411
7	102.1000000006665686669294	 0.0046368691676901578266
8	102.1000000006665686669294	 0.0050394352557365266684
9	102.1000000006665686669294	 0.0054401922483559702823
10	102.1000000006665686669294	 0.0061048058820323686247
11	102.1000000006665686669294	 0.0062182397582391073232
12	102.1000000006665686669294	 0.0064694423458365093310
13	102.1000000006665686669294	 0.0070291791198364905399
14	102.1000000006665686669294	 0.0067957719293554024603
15	102.1000000006665686669294	 0.2152625820397817413276
16	102.1000000006665686669294	 0.2119885562797649836142
17	102.1000000006665686669294	 0.2042733067005403913008
18	102.1000000006665686669294	 0.2121554712204129222730
19	102.1000000006665686669294	 0.2093780158108898836744
20	102.1000000006665686669294	 0.2149841754734380938618
21	102.1000000006665686669294	 0.2149806811042713483584
22	102.1000000006665686669294	 0.2118073010715265380721
23	102.1000000006665686669294	 0.2143569488623418561879
24	102.1000000006665686669294	 0.2097683714289439171896
25	102.1000000006665686669294	 0.2050809861061939631810
26	102.1000000006665686669294	 0.2061453944028563967095
27	102.1000000006665686669294	 0.2153059934437117073358
28	102.1000000006665686669294	 0.2100834240700955313219
29	102.1000000006665686669294	 0.2113952639719222925674
0	102.2000000006983100320213	 0.0050316735443947865902
1	102.2000000006983100320213	 0.0045812859975542449820
2	102.2000000006983100320213	 0.0043180467537229493685
3	102.2000000006983100320213	 0.0046435588112574577996
4	102.2000000006983100320213	 0.0047421865669017822589
5	102.2000000006983100320213	 0.0049385667144182304397
6	102.2000000006983100320213	 0.0048552320162242911319
7	102.2000000006983100320213	 0.0046406082183558378107
8	102.2000000006983100320213	 0.0050343940968465240512
9	102.2000000006983100320213	 0.0054321477147034691671
10	102.2000000006983100320213	 0.0060788694904160747029
11	102.2000000006983100320213	 0.0061828478227662735101
12	102.2000000006983100320213	 0.0064251414619972595579
13	102.2000000006983100320213	 0.0069762220046112729741
14	102.2000000006983100320213	 0.0067357361349540487844
15	102.2000000006983100320213	 0.2082146915893685334975
16	102.2000000006983100320213	 0.2054933349907195061501
17	102.2000000006983100320213	 0.1990865542998011272768
18	102.2000000006983100320213	 0.2050609186098866776327
19	102.2000000006983100320213	 0.2038062994302873576213
20	102.2000000006983100320213	 0.2083337635192943071427
21	102.2000000006983100320213	 0.2085403139106558056959
22	102.2000000006983100320213	 0.2059523993541141351216
23	102.2000000006983100320213	 0.2076389715243900091490
24	102.2000000006983100320213	 0.2035997800033364779626
25	102.2000000006983100320213	 0.1990213806323963552369
26	102.2000000006983100320213	 0.2005154240834924606052
27	102.2000000006983100320213	 0.2081221074193796150009
28	102.2000000006983100320213	 0.2043815035289796855356
29	102.2000000006983100320213	 0.2049946742570815660933
0	102.3000000007300513971131	 0.0050334464327696313429
1	102.3000000007300513971131	 0.0045840661167615356919
2	102.3000000007300513971131	 0.0043216625604225239118
3	102.3000000007300513971131	 0.0046461713040130041621
4	102.3000000007300513971131	 0.0047445539843510376246
5	102.3000000007300513971131	 0.0049405124312412894080
6	102.3000000007300513971131	 0.0048573466479405417312
7	102.3000000007300513971131	 0.0046369900403807088815
8	102.3000000007300513971131	 0.0050163803079712881994
9	102.3000000007300513971131	 0.0054078226845995173294
10	102.3000000007300513971131	 0.0060455975252524801755
11	102.3000000007300513971131	 0.0061449839410747568794
12	102.3000000007300513971131	 0.0063748908878884825990
13	102.3000000007300513971131	 0.0069231841577168627688
14	102.3000000007300513971131	 0.0066750855028313545517
15	102.3000000007300513971131	 0.1998130518303864455731
16	102.3000000007300513971131	 0.1977452727902550277950
17	102.3000000007300513971131	 0.1928541447603916436648
18	102.3000000007300513971131	 0.1966209001973948100606
19	102.3000000007300513971131	 0.1971210515957848297131
20	102.3000000007300513971131	 0.2004002890398122183058
21	102.3000000007300513971131	 0.2008484594571079973058
22	102.3000000007300513971131	 0.1989422879868038562812
23	102.3000000007300513971131	 0.1996270867809880611432
24	102.3000000007300513971131	 0.1962328389239634540697
25	102.3000000007300513971131	 0.1918028567650392479660
26	102.3000000007300513971131	 0.1937745048261280134128
27	102.3000000007300513971131	 0.1995626981613491668366
28	102.3000000007300513971131	 0.1975465517833337181219
29	102.3000000007300513971131	 0.1973613028688086801221
0	102.4000000007617927622050	 0.0050352161835730295178
1	102.4000000007617927622050	 0.0045868385283292251869
2	102.4000000007617927622050	 0.0043252653401528711602
3	102.4000000007617927622050	 0.0046487769894304120308
4	102.4000000007617927622050	 0.0047469158103695587719
5	102.4000000007617927622050	 0.0049424543696010223015
6	102.4000000007617927622050	 0.0048594568174238177150
7	102.4000000007617927622050	 0.0046334550319183107417
8	102.4000000007617927622050	 0.0050100191402742211624
9	102.4000000007617927622050	 0.0053788416098314948549
10	102.4000000007617927622050	 0.0060215561988642566163
11	102.4000000007617927622050	 0.0061083652004611140029
12	102.4000000007617927622050	 0.0063409092080186895551
13	102.4000000007617927622050	 0.0068791261714674593192
14	102.4000000007617927622050	 0.0066277236467193302930
15	102.4000000007617927622050	 0.1898565960946015096500
16	102.4000000007617927622050	 0.1885791124089219450433
17	102.4000000007617927622050	 0.1854644053763392919087
18	102.4000000007617927622050	 0.1866443905120927782004
19	102.4000000007617927622050	 0.1891933117893856153291
20	102.4000000007617927622050	 0.1910094632228001021446
21	102.4000000007617927622050	 0.1917394871572367931467
22	102.4000000007617927622050	 0.1906375697576033756420
23	102.4000000007617927622050	 0.1901439447450647135529
24	102.4000000007617927622050	 0.1875174532593931187030
25	102.4000000007617927622050	 0.1832879140047584398676
26	102.4000000007617927622050	 0.1857953816764977561515
27	102.4000000007617927622050	 0.1894258987426235274487
28	102.4000000007617927622050	 0.1894446992341709268270
29	102.4000000007617927622050	 0.1883359995057676261609
0	102.5000000007935341272969	 0.0050369828078908078159
1	102.5000000007935341272969	 0.0045896032748767075921
2	102.5000000007935341272969	 0.0043288551864438268996
3	102.5000000007935341272969	 0.0046513759028930876799
4	102.5000000007935341272969	 0.0047492720713071109526
5	102.5000000007935341272969	 0.0049443925441440819343
6	102.5000000007935341272969	 0.0048615625434666118188
7	102.5000000007935341272969	 0.0046344095249502689424
8	102.5000000007935341272969	 0.0049983663569406928950
9	102.5000000007935341272969	 0.0053761024178377511684
10	102.5000000007935341272969	 0.0059988496042003500164
11	102.5000000007935341272969	 0.0060920374657961913478
12	102.5000000007935341272969	 0.0063096856272442519709
13	102.5000000007935341272969	 0.0068430084502993883053
14	102.5000000007935341272969	 0.0065840762491321978486
15	102.5000000007935341272969	 0.1780601837133508336120
16	102.5000000007935341272969	 0.1777682097835187047252
17	102.5000000007935341272969	 0.1767684243457808279665
18	102.5000000007935341272969	 0.1748664311708517105082
19	102.5000000007935341272969	 0.1798493791676725739315
20	102.5000000007935341272969	 0.1799210433824656452106
21	102.5000000007935341272969	 0.1809859833165635978336
22	102.5000000007935341272969	 0.1808493367264090712077
23	102.5000000007935341272969	 0.1789448180448902636641
24	102.5000000007935341272969	 0.1772493807165921864133
25	102.5000000007935341272969	 0.1732907781192985219310
26	102.5000000007935341272969	 0.1764069643619869121043
27	102.5000000007935341272969	 0.1774301113066743262880
28	102.5000000007935341272969	 0.1798951480175703943054
29	102.5000000007935341272969	 0.1777011338784592886508
0	102.6000000008252754923888	 0.0050387463167501402028
1	102.6000000008252754923888	 0.0045923603986708586705
2	102.6000000008252754923888	 0.0043324321918215540766
3	102.6000000008252754923888	 0.0046539680795092755461
4	102.6000000008252754923888	 0.0047516227933276341047
5	102.6000000008252754923888	 0.0049463269694321205378
6	102.6000000008252754923888	 0.0048636638447429533794
7	102.6000000008252754923888	 0.0046321498035827831166
8	102.6000000008252754923888	 0.0049950375821754587971
9	102.6000000008252754923888	 0.0053601920287082282374
10	102.6000000008252754923888	 0.0059858332847372202126
11	102.6000000008252754923888	 0.0060679601058023545715
12	102.6000000008252754923888	 0.0062836733476538285045
13	102.6000000008252754923888	 0.0068080393004988862954
14	102.6000000008252754923888	 0.0065445178076573122528
15	102.6000000008252754923888	 0.1640261435211373408638
16	102.6000000008252754923888	 0.1649952533390225406507
17	102.6000000008252754923888	 0.1665655706554523829421
18	102.6000000008252754923888	 0.1609103212652657766135
19	102.6000000008252754923888	 0.1688519927937125186812
20	102.6000000008252754923888	 0.1667964401777709826380
21	102.6000000008252754923888	 0.1682691522617957846641
22	102.6000000008252754923888	 0.1693174557523338119580
23	102.6000000008252754923888	 0.1656842555198245192649
24	102.6000000008252754923888	 0.1651456935773950585045
25	102.6000000008252754923888	 0.1615566021563546172946
26	102.6000000008252754923888	 0.1653761017789061038563
27	102.6000000008252754923888	 0.1631719017632468071710
28	102.6000000008252754923888	 0.1686500443527544079725
29	102.6000000008252754923888	 0.1651532620469129686303
0	102.7000000008570168574806	 0.0050405067211199685792
1	102.7000000008570168574806	 0.0045951099416299042572
2	102.7000000008570168574806	 0.0043359964478228507981
3	102.7000000008570168574806	 0.0046565535541149066442
4	102.7000000008570168574806	 0.0047539680024109905870
5	102.7000000008570168574806	 0.0049482576599424515570
6	102.7000000008570168574806	 0.0048657607398093971271
7	102.7000000008570168574806	 0.0046313385573742670009
8	102.7000000008570168574806	 0.0049860652947469425930
9	102.7000000008570168574806	 0.0053403549124764826753
10	102.7000000008570168574806	 0.0059647090370655957148
11	102.7000000008570168574806	 0.0060413867585654536588
12	102.7000000008570168574806	 0.0062556996156358174802
13	102.7000000008570168574806	 0.0067789677392184541360
14	102.7000000008570168574806	 0.0065102408198794980976
15	102.7000000008570168574806	 0.1471661894035263817848
16	102.7000000008570168574806	 0.1498020409488914073126
17	102.7000000008570168574806	 0.1545804418532214230542
18	102.7000000008570168574806	 0.1442207614803396042991
19	102.7000000008570168574806	 0.1558695439643872915347
20	102.7000000008570168574806	 0.1511424110708159962435
21	102.7000000008570168574806	 0.1531278962891846340266
22	102.7000000008570168574806	 0.1556744946378366689643
23	102.7000000008570168574806	 0.1498579330713731283531
24	102.7000000008570168574806	 0.1508035210786675683892
25	102.7000000008570168574806	 0.1477271857652514563952
26	102.7000000008570168574806	 0.1523779071737856039004
27	102.7000000008570168574806	 0.1460504251466151481864
28	102.7000000008570168574806	 0.1553613197051630367973
29	102.7000000008570168574806	 0.1502565981478373446922
0	102.8000000008887582225725	 0.0050422640319114035018
1	102.8000000008887582225725	 0.0045978519453272539974
2	102.8000000008887582225725	 0.0043395480450092085295
3	102.8000000008887582225725	 0.0046591323612764044826
4	102.8000000008887582225725	 0.0047563077243546816875
5	102.8000000008887582225725	 0.0049501846300686914992
6	102.8000000008887582225725	 0.0048678532471060102435
7	102.8000000008887582225725	 0.0046260002399434556331
8	102.8000000008887582225725	 0.0049729735937425034037
9	102.8000000008887582225725	 0.0053384902835633754603
10	102.8000000008887582225725	 0.0059431122694816491958
11	102.8000000008887582225725	 0.0060260255931642320998
12	102.8000000008887582225725	 0.0062323310614400238838
13	102.8000000008887582225725	 0.0067560887478683318702
14	102.8000000008887582225725	 0.0064834413565825537926
15	102.8000000008887582225725	 0.1265545123590048892659
16	102.8000000008887582225725	 0.1314976158454197741055
17	102.8000000008887582225725	 0.1404245576573916742813
18	102.8000000008887582225725	 0.1239366822078057650547
19	102.8000000008887582225725	 0.1404231140402838751147
20	102.8000000008887582225725	 0.1322063206663305623412
21	102.8000000008887582225725	 0.1348653629965556599579
22	102.8000000008887582225725	 0.1393824339629492203851
23	102.8000000008887582225725	 0.1306940354626859590592
24	102.8000000008887582225725	 0.1336265407727290355222
25	102.8000000008887582225725	 0.1312814414186929401485
26	102.8000000008887582225725	 0.1369450172714532787399
27	102.8000000008887582225725	 0.1251207947623778904411
28	102.8000000008887582225725	 0.1395231367897289687097
29	102.8000000008887582225725	 0.1323587868450266935572
0	102.9000000009204995876644	 0.0050440182599781335782
1	102.9000000009204995876644	 0.0046005864509952665645
2	102.9000000009204995876644	 0.0043430870729806152902
3	102.9000000009204995876644	 0.0046617045352934588856
4	102.9000000009204995876644	 0.0047586419847755589280
5	102.9000000009204995876644	 0.0049521078941214130564
6	102.9000000009204995876644	 0.0048699413849573420718
7	102.9000000009204995876644	 0.0046254014199070487071
8	102.9000000009204995876644	 0.0049735498526212980688
9	102.9000000009204995876644	 0.0053301526760982766498
10	102.9000000009204995876644	 0.0059428216029765255218
11	102.9000000009204995876644	 0.0060099263105854762446
12	102.9000000009204995876644	 0.0062267503167110016885
13	102.9000000009204995876644	 0.0067372151957668813954
14	102.9000000009204995876644	 0.0064674451582071215000
15	102.9000000009204995876644	 0.1005965037530447137026
16	102.9000000009204995876644	 0.1089754058096628758223
17	102.9000000009204995876644	 0.1235290820598226591009
18	102.9000000009204995876644	 0.0986244581372648920770
19	102.9000000009204995876644	 0.1217892235620082613812
20	102.9000000009204995876644	 0.1087629261642665406962
21	102.9000000009204995876644	 0.1123621062312261248417
22	102.9000000009204995876644	 0.1196134456330386341971
23	102.9000000009204995876644	 0.1069309078429841602942
24	102.9000000009204995876644	 0.1126836845983352486389
25	102.9000000009204995876644	 0.1114247432371317236832
26	102.9000000009204995876644	 0.1183751501951202100837
27	102.9000000009204995876644	 0.0987779833097989362622
28	102.9000000009204995876644	 0.1203649737352213699992
29	102.9000000009204995876644	 0.1104255727537118980663
0	103.0000000009522409527563	 0.0050457694161168287900
1	103.0000000009522409527563	 0.0046033134995289723759
2	103.0000000009522409527563	 0.0043466136203891203235
3	103.0000000009522409527563	 0.0046642701102017668571
4	103.0000000009522409527563	 0.0047609708091114980727
5	103.0000000009522409527563	 0.0049540274663287756779
6	103.0000000009522409527563	 0.0048721830258931612956
7	103.0000000009522409527563	 0.0046299459602991577950
8	103.0000000009522409527563	 0.0049770868081667803823
9	103.0000000009522409527563	 0.0053318457238743389298
10	103.0000000009522409527563	 0.0059356144271336154505
11	103.0000000009522409527563	 0.0060091172174417967905
12	103.0000000009522409527563	 0.0062115614278922225144
13	103.0000000009522409527563	 0.0067318302964614719699
14	103.0000000009522409527563	 0.0064505794124964203895
15	103.0000000009522409527563	 0.0663025433768517219457
16	103.0000000009522409527563	 0.0803048184392661235087
17	103.0000000009522409527563	 0.1030178989746834694596
18	103.0000000009522409527563	 0.0656359866397696195550
19	103.0000000009522409527563	 0.0988052539541910551657
20	103.0000000009522409527563	 0.0786228476299258710602
21	103.0000000009522409527563	 0.0836561506602451210313
22	103.0000000009522409527563	 0.0950030150771786208175
23	103.0000000009522409527563	 0.0763004057130875906756
24	103.0000000009522409527563	 0.0864084665540706536868
25	103.0000000009522409527563	 0.0868640004469378862462
26	103.0000000009522409527563	 0.0955481034691699204764
27	103.0000000009522409527563	 0.0639652356249269526955
28	103.0000000009522409527563	 0.0966343623250961181181
29	103.0000000009522409527563	 0.0826786613227239453039
0	103.1000000009839823178481	 0.0050475175110675403467
1	103.1000000009839823178481	 0.0046060331314897434013
2	103.1000000009839823178481	 0.0043501277749521585075
3	103.1000000009839823178481	 0.0046668291197757300753
4	103.1000000009839823178481	 0.0047632942226230705340
5	103.1000000009839823178481	 0.0049559433608371604787
6	103.1000000009839823178481	 0.0048721251638613218005
7	103.1000000009839823178481	 0.0046267155568472679433
8	103.1000000009839823178481	 0.0049759220260544440029
9	103.1000000009839823178481	 0.0053258161353495394458
10	103.1000000009839823178481	 0.0059343240072612249772
11	103.1000000009839823178481	 0.0060037716165424999740
12	103.1000000009839823178481	 0.0062080306848525581426
13	103.1000000009839823178481	 0.0067229846693821603693
14	103.1000000009839823178481	 0.0064440911331290935682
15	103.1000000009839823178481	 0.0168299168284088696002
16	103.1000000009839823178481	 0.0416538431135344278111
17	103.1000000009839823178481	 0.0774443933122603428432
18	103.1000000009839823178481	 0.0192076324515960059069
19	103.1000000009839823178481	 0.0694318305402962521189
20	103.1000000009839823178481	 0.0372709951767313182880
21	103.1000000009839823178481	 0.0448240107606072274438
22	103.1000000009839823178481	 0.0630669625346037543423
23	103.1000000009839823178481	 0.0340791953496334121265
24	103.1000000009839823178481	 0.0518606424502800131271
25	103.1000000009839823178481	 0.0552907134547033912719
26	103.1000000009839823178481	 0.0665203518998410819885
27	103.1000000009839823178481	 0.0136708544520605136674
28	103.1000000009839823178481	 0.0660974617796568769679
29	103.1000000009839823178481	 0.0456677260630768203087
0	103.2000000010157236829400	 0.0050492625555140892638
1	103.2000000010157236829400	 0.0046087453871089135299
2	103.2000000010157236829400	 0.0043536296234656457829
3	103.2000000010157236829400	 0.0046693815975311237648
4	103.2000000010157236829400	 0.0047656122503951792169
5	103.2000000010157236829400	 0.0049578555917117956078
6	103.2000000010157236829400	 0.0048742136143969825787
7	103.2000000010157236829400	 0.0046287071140737436406
8	103.2000000010157236829400	 0.0049731546254497219911
9	103.2000000010157236829400	 0.0053233963553195595697
10	103.2000000010157236829400	 0.0059309449124871497019
11	103.2000000010157236829400	 0.0059983126504528092374
12	103.2000000010157236829400	 0.0062031720628270186138
13	103.2000000010157236829400	 0.0067181336890126284664
14	103.2000000010157236829400	 0.0064435555978755174392
15	103.2000000010157236829400	 0.0061883026706356430643
16	103.2000000010157236829400	 0.0062626762942892188687
17	103.2000000010157236829400	 0.0441765987854761121856
18	103.2000000010157236829400	 0.0062409861569631581990
19	103.2000000010157236829400	 0.0295960618586227700022
20	103.2000000010157236829400	 0.0062023717269798078755
21	103.2000000010157236829400	 0.0062088075404522612838
22	103.2000000010157236829400	 0.0185292177240378441727
23	103.2000000010157236829400	 0.0062127132339836639574
24	103.2000000010157236829400	 0.0063112983865546336965
25	103.2000000010157236829400	 0.0119590600810913598451
26	103.2000000010157236829400	 0.0274817513687300798986
27	103.2000000010157236829400	 0.0061813949569016124128
28	103.2000000010157236829400	 0.0241756582449209715679
29	103.2000000010157236829400	 0.0062746978788249538686
0	103.3000000010474650480319	 0.0050510045600844688182
1	103.3000000010474650480319	 0.0046114503062913451623
2	103.3000000010474650480319	 0.0043571192518168334537
3	103.3000000010474650480319	 0.0046719275767277343436
4	103.3000000010474650480319	 0.0047679249173386908933
5	103.3000000010474650480319	 0.0049597641729373746766
6	103.3000000010474650480319	 0.0048762750726473059332
7	103.3000000010474650480319	 0.0046313586445567642147
8	103.3000000010474650480319	 0.0049740542058075163170
9	103.3000000010474650480319	 0.0053238954219566297227
10	103.3000000010474650480319	 0.0059289437068416736207
11	103.3000000010474650480319	 0.0059989873553752846511
12	103.3000000010474650480319	 0.0062037218210080980266
13	103.3000000010474650480319	 0.0067184622187977981536
14	103.3000000010474650480319	 0.0064439879125353276626
15	103.3000000010474650480319	 0.0061888606621672377292
16	103.3000000010474650480319	 0.0062631943020145701764
17	103.3000000010474650480319	 0.0064259542653907009493
18	103.3000000010474650480319	 0.0062415155200786567868
19	103.3000000010474650480319	 0.0063328355965356344578
20	103.3000000010474650480319	 0.0062029219252071159107
21	103.3000000010474650480319	 0.0062093542100411080326
22	103.3000000010474650480319	 0.0062820347769745521135
23	103.3000000010474650480319	 0.0062132577731928715151
24	103.3000000010474650480319	 0.0063117918162333653750
25	103.3000000010474650480319	 0.0063919029586685929475
26	103.3000000010474650480319	 0.0063865318878069581368
27	103.3000000010474650480319	 0.0061819568151360122440
28	103.3000000010474650480319	 0.0063175246593691787578
29	103.3000000010474650480319	 0.0062752096981417574209
0	103.4000000010792064131238	 0.0050527435353512201166
1	103.4000000010792064131238	 0.0046141479286189602399
2	103.4000000010792064131238	 0.0043605967449969577909
3	103.4000000010792064131238	 0.0046744670903719519675
4	103.4000000010792064131238	 0.0047702322481920373526
5	103.4000000010792064131238	 0.0049616691184186699839
6	103.4000000010792064131238	 0.0048783457165294148716
7	103.4000000010792064131238	 0.0046340031630143843633
8	103.4000000010792064131238	 0.0049759321484945046379
9	103.4000000010792064131238	 0.0053252193627267158105
10	103.4000000010792064131238	 0.0059296668593661035554
11	103.4000000010792064131238	 0.0059996616053779473071
12	103.4000000010792064131238	 0.0062042712771211757511
13	103.4000000010792064131238	 0.0067187906406865945813
14	103.4000000010792064131238	 0.0064444200403799322199
15	103.4000000010792064131238	 0.0061894183425179119529
16	103.4000000010792064131238	 0.0062637120415468391585
17	103.4000000010792064131238	 0.0064263942550376639343
18	103.4000000010792064131238	 0.0062420446031171009441
19	103.4000000010792064131238	 0.0063333185152757952296
20	103.4000000010792064131238	 0.0062034718208827908936
21	103.4000000010792064131238	 0.0062099005809455919483
22	103.4000000010792064131238	 0.0062825428558174727794
23	103.4000000010792064131238	 0.0062138020160405014330
24	103.4000000010792064131238	 0.0063122850025593207554
25	103.4000000010792064131238	 0.0063923581850718553046
26	103.4000000010792064131238	 0.0063869895652805975389
27	103.4000000010792064131238	 0.0061825183578629984774
28	103.4000000010792064131238	 0.0063180150271153583119
29	103.4000000010792064131238	 0.0062757212556335496487
0	103.5000000011109477782156	 0.0050544794918318276117
1	103.5000000011109477782156	 0.0046168382933542053553
2	103.5000000011109477782156	 0.0043640621871136519791
3	103.5000000011109477782156	 0.0046770001712193483290
4	103.5000000011109477782156	 0.0047725342675228052750
5	103.5000000011109477782156	 0.0049635704419811440061
6	103.5000000011109477782156	 0.0048804120817035907126
7	103.5000000011109477782156	 0.0046366407064356886247
8	103.5000000011109477782156	 0.0049778065711221950937
9	103.5000000011109477782156	 0.0053265415529949447157
10	103.5000000011109477782156	 0.0059303894893188366377
11	103.5000000011109477782156	 0.0060003354010738432778
12	103.5000000011109477782156	 0.0062048204314980159174
13	103.5000000011109477782156	 0.0067191189547498655910
14	103.5000000011109477782156	 0.0064448519815707193750
15	103.5000000011109477782156	 0.0061899757120345497152
16	103.5000000011109477782156	 0.0062642295131635885100
17	103.5000000011109477782156	 0.0064268340511788755662
18	103.5000000011109477782156	 0.0062425734063747068472
19	103.5000000011109477782156	 0.0063338012009180079398
20	103.5000000011109477782156	 0.0062040214143393923249
21	103.5000000011109477782156	 0.0062104466534919147702
22	103.5000000011109477782156	 0.0062830506766473675703
23	103.5000000011109477782156	 0.0062143459628489650798
24	103.5000000011109477782156	 0.0063127779457724207679
25	103.5000000011109477782156	 0.0063928132043383307723
26	103.5000000011109477782156	 0.0063874470333813871542
27	103.5000000011109477782156	 0.0061830795854367157777
28	103.5000000011109477782156	 0.0063185051545188624170
29	103.5000000011109477782156	 0.0062762325515680703752
0	103.6000000011426891433075	 0.0050562124399890972723
1	103.6000000011426891433075	 0.0046195214394434899741
2	103.6000000011426891433075	 0.0043675156614031585695
3	103.6000000011426891433075	 0.0046795268517772024147
4	103.6000000011426891433075	 0.0047748309997293070239
5	103.6000000011426891433075	 0.0049654681573715461415
6	103.6000000011426891433075	 0.0048824741858161310737
7	103.6000000011426891433075	 0.0046392713115178535466
8	103.6000000011426891433075	 0.0049796774868620628796
9	103.6000000011426891433075	 0.0053278619973841992441
10	103.6000000011426891433075	 0.0059311115974545790611
11	103.6000000011426891433075	 0.0060010087430747791754
12	103.6000000011426891433075	 0.0062053692844698379524
13	103.6000000011426891433075	 0.0067194471610583887677
14	103.6000000011426891433075	 0.0064452837362688640208
15	103.6000000011426891433075	 0.0061905327710634590679
16	103.6000000011426891433075	 0.0062647467171419533166
17	103.6000000011426891433075	 0.0064272736539844662479
18	103.6000000011426891433075	 0.0062431019301472118893
19	103.6000000011426891433075	 0.0063342836536871924974
20	103.6000000011426891433075	 0.0062045707059089341348
21	103.6000000011426891433075	 0.0062109924280057534837
22	103.6000000011426891433075	 0.0062835582397261537102
23	103.6000000011426891433075	 0.0062148896139401447331
24	103.6000000011426891433075	 0.0063132706461122263877
25	103.6000000011426891433075	 0.0063932680166564346061
26	103.6000000011426891433075	 0.0063879042923008057600
27	103.6000000011426891433075	 0.0061836404982107077283
28	103.6000000011426891433075	 0.0063189950418151745806
29	103.6000000011426891433075	 0.0062767435862126491619
0	103.7000000011744305083994	 0.0050579423902315321510
1	103.7000000011744305083994	 0.0046221974055205648085
2	103.7000000011744305083994	 0.0043709572502423233581
3	103.7000000011744305083994	 0.0046820471643070089157
4	103.7000000011744305083994	 0.0047771224690421297543
5	103.7000000011744305083994	 0.0049673622782585129254
6	103.7000000011744305083994	 0.0048845320464043877340
7	103.7000000011744305083994	 0.0046418950146692051356
8	103.7000000011744305083994	 0.0049815449088117949930
9	103.7000000011744305083994	 0.0053291807004990704097
10	103.7000000011744305083994	 0.0059318331845264029092
11	103.7000000011744305083994	 0.0060016816319913290911
12	103.7000000011744305083994	 0.0062059178363673131104
13	103.7000000011744305083994	 0.0067197752596828731753
14	103.7000000011744305083994	 0.0064457153046353363526
15	103.7000000011744305083994	 0.0061910895199503651956
16	103.7000000011744305083994	 0.0062652636537586375853
17	103.7000000011744305083994	 0.0064277130636243443376
18	103.7000000011744305083994	 0.0062436301747298902920
19	103.7000000011744305083994	 0.0063347658738079400814
20	103.7000000011744305083994	 0.0062051196959228820810
21	103.7000000011744305083994	 0.0062115379048122455752
22	103.7000000011744305083994	 0.0062840655453153477020
23	103.7000000011744305083994	 0.0062154329696354005189
24	103.7000000011744305083994	 0.0063137631038179490434
25	103.7000000011744305083994	 0.0063937226222143279247
26	103.7000000011744305083994	 0.0063883613422300632514
27	103.7000000011744305083994	 0.0061842010965379289739
28	103.7000000011744305083994	 0.0063194846892394287638
29	103.7000000011744305083994	 0.0062772543598342061752
0	103.8000000012061718734913	 0.0050596693529137140230
1	103.8000000012061718734913	 0.0046248662299098568240
2	103.8000000012061718734913	 0.0043743870351603810973
3	103.8000000012061718734913	 0.0046845611408269458714
4	103.8000000012061718734913	 0.0047794086995256706424
5	103.8000000012061718734913	 0.0049692528182331578354
6	103.8000000012061718734913	 0.0048865856808976704251
7	103.8000000012061718734913	 0.0046445118520122442157
8	103.8000000012061718734913	 0.0049834088499958375390
9	103.8000000012061718734913	 0.0053304976669259615182
10	103.8000000012061718734913	 0.0059325542512857539629
11	103.8000000012061718734913	 0.0060023540684328328607
12	103.8000000012061718734913	 0.0062064660875205696772
13	103.8000000012061718734913	 0.0067201032506939567535
14	103.8000000012061718734913	 0.0064461466868308957973
15	103.8000000012061718734913	 0.0061916459590404199567
16	103.8000000012061718734913	 0.0062657803232899168464
17	103.8000000012061718734913	 0.0064281522802681909448
18	103.8000000012061718734913	 0.0062441581404175496364
19	103.8000000012061718734913	 0.0063352478615045166102
20	103.8000000012061718734913	 0.0062056683847121563505
21	103.8000000012061718734913	 0.0062120830842359985730
22	103.8000000012061718734913	 0.0062845725936760679295
23	103.8000000012061718734913	 0.0062159760302555686767
24	103.8000000012061718734913	 0.0063142553191284428102
25	103.8000000012061718734913	 0.0063941770211999133730
26	103.8000000012061718734913	 0.0063888181833601101825
27	103.8000000012061718734913	 0.0061847613807707382816
28	103.8000000012061718734913	 0.0063199740970264145848
29	103.8000000012061718734913	 0.0062777648726992530542
0	103.9000000012379132385831	 0.0050613933383366659438
1	103.9000000012379132385831	 0.0046275279506297704174
2	103.9000000012379132385831	 0.0043778050968505521218
3	103.9000000012379132385831	 0.0046870688131143214972
4	103.9000000012379132385831	 0.0047816897150796512997
5	103.9000000012379132385831	 0.0049711397908096558937
6	103.9000000012379132385831	 0.0048886351066181263358
7	103.9000000012379132385831	 0.0046471218593866318869
8	103.9000000012379132385831	 0.0049852693233659413005
9	103.9000000012379132385831	 0.0053318129012331775055
10	103.9000000012379132385831	 0.0059332747984824499646
11	103.9000000012379132385831	 0.0060030260530074047373
12	103.9000000012379132385831	 0.0062070140382591938374
13	103.9000000012379132385831	 0.0067204311341622080533
14	103.9000000012379132385831	 0.0064465778830160962165
15	103.9000000012379132385831	 0.0061922020886781966795
16	103.9000000012379132385831	 0.0062662967260116372858
17	103.9000000012379132385831	 0.0064285913040854668690
18	103.9000000012379132385831	 0.0062446858275045256589
19	103.9000000012379132385831	 0.0063357296170008679456
20	103.9000000012379132385831	 0.0062062167726071332946
21	103.9000000012379132385831	 0.0062126279666010909147
22	103.9000000012379132385831	 0.0062850793850690389944
23	103.9000000012379132385831	 0.0062165187961209606923
24	103.9000000012379132385831	 0.0063147472922822139516
25	103.9000000012379132385831	 0.0063946312138008368567
26	103.9000000012379132385831	 0.0063892748158816368986
27	103.9000000012379132385831	 0.0061853213512609028779
28	103.9000000012379132385831	 0.0063204632654105799214
29	103.9000000012379132385831	 0.0062782751250738920434
0	104.0000000012696546036750	 0.0050631143567482304185
1	104.0000000012696546036750	 0.0046301826053959270132
2	104.0000000012696546036750	 0.0043812115151814290739
3	104.0000000012696546036750	 0.0046895702127079776436
4	104.0000000012696546036750	 0.0047839655394406217781
5	104.0000000012696546036750	 0.0049730232094258213296
6	104.0000000012696546036750	 0.0048906803407816178825
7	104.000000001269654