0	100.1000000000317413650919	728.0570778886930156659218
1	100.1000000000317413650919	461.9794602192124557404895
2	100.1000000000317413650919	332.8979709602770640231029
3	100.1000000000317413650919	481.1601847735833530350646
4	100.1000000000317413650919	549.8906909403395957269822
5	100.1000000000317413650919	633.0144393139584053642466
6	100.1000000000317413650919	467.3642976199549821103574
7	100.1000000000317413650919	245.9495685362629444625782
8	100.1000000000317413650919	305.3239608705643490793591
9	100.1000000000317413650919	346.0819366037555369075562
10	100.1000000000317413650919	587.3346418746060635385220
11	100.1000000000317413650919	626.3250962122044711577473
12	100.1000000000317413650919	629.9824517397639738192083
13	100.1000000000317413650919	1000.1000653241197824172559
14	100.1000000000317413650919	980.5063932401911870329059
15	100.1000000000317413650919	994.8038055206683338838047
16	100.1000000000317413650919	995.1394778045972770996741
17	100.1000000000317413650919	995.9213684685814769181889
18	100.1000000000317413650919	994.9119566464097488278640
19	100.1000000000317413650919	995.5843581253121783447568
20	100.1000000000317413650919	994.9361725217294178946759
21	100.1000000000317413650919	995.0151841247837865012116
22	100.1000000000317413650919	995.3718171842856463626958
23	100.1000000000317413650919	994.9451189548269667284330
24	100.1000000000317413650919	995.3587694065430468981504
25	100.1000000000317413650919	995.5871477681408805437968
26	100.1000000000317413650919	995.6994534423504319420317
27	100.1000000000317413650919	994.7309197822600026483997
28	100.1000000000317413650919	995.5079549102134706117795
29	100.1000000000317413650919	995.1952963486108956203680
0	100.2000000000634827301838	494.0400623832378528277331
1	100.2000000000634827301838	262.2719597229593091469724
2	100.2000000000634827301838	133.0294705529670977739443
3	100.2000000000634827301838	167.5767696838104541257053
4	100.2000000000634827301838	152.9230900641156267738552
5	100.2000000000634827301838	161.5972174118791997443623
6	100.2000000000634827301838	114.5478370640032039773359
7	100.2000000000634827301838	69.9425206772134657740025
8	100.2000000000634827301838	116.2988777874571866277620
9	100.2000000000634827301838	184.7668756998547507919284
10	100.2000000000634827301838	347.4692993132885021623224
11	100.2000000000634827301838	372.6497571697383932587400
12	100.2000000000634827301838	447.4147431580681768537033
13	100.2000000000634827301838	988.7797321947894033655757
14	100.2000000000634827301838	980.0119103138949867570773
15	100.2000000000634827301838	979.6378314147124228838948
16	100.2000000000634827301838	980.9460494874792857444845
17	100.2000000000634827301838	983.9799485525426234744373
18	100.2000000000634827301838	980.0648570770804326457437
19	100.2000000000634827301838	982.6710254746476493892260
20	100.2000000000634827301838	980.1570502913874634032254
21	100.2000000000634827301838	980.4630052772450881093391
22	100.2000000000634827301838	981.8462234246665047976421
23	100.2000000000634827301838	980.1920078501889292965643
24	100.2000000000634827301838	981.7966841429670239449479
25	100.2000000000634827301838	982.6841868864834168562084
26	100.2000000000634827301838	983.1187716277986510249320
27	100.2000000000634827301838	979.3621161427225842999178
28	100.2000000000634827301838	982.3745805851943941888749
29	100.2000000000634827301838	981.1626041928050199203426
0	100.3000000000952240952756	118.4543857087259084437392
1	100.3000000000952240952756	70.1056787607747651236423
2	100.3000000000952240952756	60.6741192084202722867303
3	100.3000000000952240952756	80.4181115333001628187048
4	100.3000000000952240952756	93.2684272689989342097761
5	100.3000000000952240952756	99.4861428663297999719362
6	100.3000000000952240952756	74.8713462453653306738488
7	100.3000000000952240952756	56.9598678389243318065382
8	100.3000000000952240952756	77.3294752358981583029163
9	100.3000000000952240952756	110.2306294604729259845044
10	100.3000000000952240952756	202.1840652040570205372205
11	100.3000000000952240952756	258.7032427667175511487585
12	100.3000000000952240952756	435.9480459715053939362406
13	100.3000000000952240952756	966.6266841673907492804574
14	100.3000000000952240952756	946.2014840878988479744294
15	100.3000000000952240952756	955.4977867556610817700857
16	100.3000000000952240952756	958.3294473046306620744872
17	100.3000000000952240952756	964.9071658135181905890931
18	100.3000000000952240952756	956.4261535329964090124122
19	100.3000000000952240952756	962.0639160554960653826129
20	100.3000000000952240952756	956.6195025959339091059519
21	100.3000000000952240952756	957.2800847556546841587988
22	100.3000000000952240952756	960.2754721873593553027604
23	100.3000000000952240952756	956.6961126994767710129963
24	100.3000000000952240952756	960.1720272465771586212213
25	100.3000000000952240952756	962.1008978624249721178785
26	100.3000000000952240952756	963.0389732584110333846183
27	100.3000000000952240952756	954.9029766182497951376718
28	100.3000000000952240952756	961.4212496027703309664503
29	100.3000000000952240952756	958.7986058003775724500883
0	100.4000000001269654603675	59.0027070367665444905469
1	100.4000000001269654603675	38.7909523515703469342952
2	100.4000000001269654603675	28.4786458534851263380006
3	100.4000000001269654603675	42.3966522847072084800857
4	100.4000000001269654603675	44.8893950100278686932143
5	100.4000000001269654603675	59.7758340399141729903931
6	100.4000000001269654603675	57.5810351950891572414548
7	100.4000000001269654603675	50.7937276441055161058102
8	100.4000000001269654603675	75.7051849675572157138959
9	100.4000000001269654603675	108.6862358032398248042227
10	100.4000000001269654603675	202.2840652040887619023124
11	100.4000000001269654603675	258.8032427664650754195463
12	100.4000000001269654603675	406.3155695328602519111882
13	100.4000000001269654603675	879.6405782268974462567712
14	100.4000000001269654603675	866.8755304970422912447248
15	100.4000000001269654603675	923.5210525440403444008552
16	100.4000000001269654603675	928.3426884015517543957685
17	100.4000000001269654603675	939.5193831795529604278272
18	100.4000000001269654603675	925.1268846439702429051977
19	100.4000000001269654603675	934.6745161076761405638536
20	100.4000000001269654603675	925.4397984222708828383475
21	100.4000000001269654603675	926.5552754815573734958889
22	100.4000000001269654603675	931.6352806415310396914720
23	100.4000000001269654603675	925.5718669443122053053230
24	100.4000000001269654603675	931.4689699728165805936442
25	100.4000000001269654603675	934.7574924478086586532299
26	100.4000000001269654603675	936.3417175219213959280751
27	100.4000000001269654603675	922.5410035240936394984601
28	100.4000000001269654603675	933.5826281908482542348793
29	100.4000000001269654603675	929.1388361032757075008703
0	100.5000000001587068254594	55.0075411652190027211873
1	100.5000000001587068254594	34.2197138086808223533808
2	100.5000000001587068254594	25.9069553598951642925385
3	100.5000000001587068254594	36.5276498877970894341161
4	100.5000000001587068254594	40.4901509465937508025490
5	100.5000000001587068254594	50.6051857700562237596387
6	100.5000000001587068254594	47.1382878528009001684040
7	100.5000000001587068254594	36.4813655755129602198394
8	100.5000000001587068254594	55.0853269771445539504384
9	100.5000000001587068254594	86.2071980460474378560320
10	100.5000000001587068254594	198.6107169923944297806884
11	100.5000000001587068254594	258.9032427662125996903342
12	100.5000000001587068254594	406.4155695326077761819761
13	100.5000000001587068254594	879.7405782266449705275591
14	100.5000000001587068254594	866.9755304967898155155126
15	100.5000000001587068254594	884.9608819490420046349755
16	100.5000000001587068254594	892.1722461292490606865613
17	100.5000000001587068254594	908.7219852480990311960340
18	100.5000000001587068254594	887.4459491936568156233989
19	100.5000000001587068254594	901.5213150743552432686556
20	100.5000000001587068254594	887.8795856381640305698966
21	100.5000000001587068254594	889.5177668367372234570212
22	100.5000000001587068254594	897.0204794502376444143010
23	100.5000000001587068254594	888.0787107258909145457437
24	100.5000000001587068254594	896.7923075436576709762448
25	100.5000000001587068254594	901.6826685191040269273799
26	100.5000000001587068254594	904.0099860735978154480108
27	100.5000000001587068254594	883.6221472151905800274108
28	100.5000000001587068254594	899.9047573156339012712124
29	100.5000000001587068254594	893.3490594537669267083402
0	100.6000000001904481905513	54.7551552096497147203991
1	100.6000000001904481905513	34.3197138087125637184727
2	100.6000000001904481905513	26.0063858119736330820615
3	100.6000000001904481905513	36.6276498878288307992079
4	100.6000000001904481905513	40.5901509466254921676409
5	100.6000000001904481905513	49.7449665497270530067908
6	100.6000000001904481905513	45.6395860174407133058594
7	100.6000000001904481905513	36.4727740672872613458821
8	100.6000000001904481905513	55.1853269771762953155303
9	100.6000000001904481905513	86.3071980460791792211239
10	100.6000000001904481905513	191.5557380844300325861695
11	100.6000000001904481905513	259.0032427659601239611220
12	100.6000000001904481905513	406.5155695323553004527639
13	100.6000000001904481905513	877.7332755667499668561504
14	100.6000000001904481905513	849.1001037619000726408558
15	100.6000000001904481905513	841.2748583650958380530938
16	100.6000000001904481905513	851.0898953739872467849636
17	100.6000000001904481905513	873.4834280049650487853796
18	100.6000000001904481905513	844.7536286660784980995231
19	100.6000000001904481905513	863.6956942971017952004331
20	100.6000000001904481905513	845.2914520177438362225075
21	100.6000000001904481905513	847.4856247797939658994437
22	100.6000000001904481905513	857.6048751869625448307488
23	100.6000000001904481905513	845.5667725804202063955017
24	100.6000000001904481905513	857.3262100757705184150836
25	100.6000000001904481905513	863.9780185013589743903140
26	100.6000000001904481905513	867.0963779327614702197025
27	100.6000000001904481905513	839.5885288196723195142113
28	100.6000000001904481905513	861.5087805865122163595515
29	100.6000000001904481905513	852.6789297965640344045823
0	100.7000000002221895556431	54.8551552096814560854909
1	100.7000000002221895556431	34.4197138087443050835645
2	100.7000000002221895556431	26.1063858119698473103654
3	100.7000000002221895556431	36.7276498878605721642998
4	100.7000000002221895556431	40.6901509466572335327328
5	100.7000000002221895556431	49.8449665497587943718827
6	100.7000000002221895556431	45.7395860174724546709513
7	100.7000000002221895556431	36.5727740673190027109740
8	100.7000000002221895556431	55.2853269772080366806222
9	100.7000000002221895556431	86.4071980461109205862158
10	100.7000000002221895556431	191.6557380844617739512614
11	100.7000000002221895556431	259.1032427657076482319098
12	100.7000000002221895556431	402.3989739828209621919086
13	100.7000000002221895556431	851.7582156619884017345612
14	100.7000000002221895556431	815.5332974882314829301322
15	100.7000000002221895556431	793.9424949258051356082433
16	100.7000000002221895556431	806.3940908730330647813389
17	100.7000000002221895556431	834.7997034959739721671212
18	100.7000000002221895556431	798.4444329314221704407828
19	100.7000000002221895556431	822.3176370981288982875412
20	100.7000000002221895556431	799.0537025813562195253326
21	100.7000000002221895556431	801.8035596600306007530889
22	100.7000000002221895556431	814.5906508945018913436797
23	100.7000000002221895556431	799.4117871748848074275884
24	100.7000000002221895556431	814.2825447550824264908442
25	100.7000000002221895556431	822.7723567536982045567129
26	100.7000000002221895556431	826.6814404077941844661837
27	100.7000000002221895556431	791.9053904742484064627206
28	100.7000000002221895556431	819.5443869479859131388366
29	100.7000000002221895556431	808.4050694933256409058231
0	100.8000000002539309207350	54.9551552097131974505828
1	100.8000000002539309207350	34.5197138087760464486564
2	100.8000000002539309207350	26.2063858119660615386692
3	100.8000000002539309207350	36.8276498878923135293917
4	100.8000000002539309207350	40.7901509466889748978247
5	100.8000000002539309207350	49.9449665497905357369746
6	100.8000000002539309207350	45.8395860175041960360431
7	100.8000000002539309207350	36.6727740673507440760659
8	100.8000000002539309207350	55.3853269772397780457140
9	100.8000000002539309207350	86.5071980461426619513077
10	100.8000000002539309207350	191.7557380844935153163533
11	100.8000000002539309207350	256.3906677515505521114392
12	100.8000000002539309207350	393.0007088281797678064322
13	100.8000000002539309207350	820.9615362158818925308879
14	100.8000000002539309207350	776.2680618697381760284770
15	100.8000000002539309207350	744.3668333080210004482069
16	100.8000000002539309207350	759.3521901586424291963340
17	100.8000000002539309207350	793.6573181066486313284258
18	100.8000000002539309207350	749.8719430637104323977837
19	100.8000000002539309207350	778.4906459486220455801231
20	100.8000000002539309207350	750.5067500334940859829658
21	100.8000000002539309207350	753.7818896844192977368948
22	100.8000000002539309207350	769.1576028235127751031541
23	100.8000000002539309207350	750.9516254146966502958094
24	100.8000000002539309207350	768.8492159956350633365219
25	100.8000000002539309207350	779.1755335974868330595200
26	100.8000000002539309207350	783.8310307162555545801297
27	100.8000000002539309207350	741.9907937180532826459967
28	100.8000000002539309207350	775.1426816059577049600193
29	100.8000000002539309207350	761.7747699085696240217658
0	100.9000000002856722858269	55.0551552097449388156747
1	100.9000000002856722858269	34.6197138088077878137483
2	100.9000000002856722858269	26.3063858119622757669731
3	100.9000000002856722858269	36.9276498879240548944836
4	100.9000000002856722858269	40.8901509467207162629165
5	100.9000000002856722858269	50.0449665498222771020664
6	100.9000000002856722858269	45.9395860175359374011350
7	100.9000000002856722858269	36.7727740673824854411578
8	100.9000000002856722858269	55.4853269772715194108059
9	100.9000000002856722858269	86.6071980461744033163995
10	100.9000000002856722858269	191.8557380845252566814452
11	100.9000000002856722858269	252.7982276212676424620440
12	100.9000000002856722858269	379.9449340474000678113953
13	100.9000000002856722858269	785.7272628706532486830838
14	100.9000000002856722858269	730.5685654843890688425745
15	100.9000000002856722858269	693.8412024200115411076695
16	100.9000000002856722858269	711.1499465606010517149116
17	100.9000000002856722858269	750.9992336938477137664449
18	100.9000000002856722858269	700.2928939019460585768684
19	100.9000000002856722858269	733.2611041692862272611819
20	100.9000000002856722858269	700.8981964451220392220421
21	100.9000000002856722858269	704.6435190322395101247821
22	100.9000000002856722858269	722.4180117730577421752969
23	100.9000000002856722858269	701.4315027797662196462625
24	100.9000000002856722858269	722.1444165232377372376504
25	100.9000000002856722858269	734.2370947884786573922611
26	100.9000000002856722858269	739.5577100914334778281045
27	100.9000000002856722858269	691.1558170426433207467198
28	100.9000000002856722858269	729.3739247196815540519310
29	100.9000000002856722858269	713.9566681176866040914319
0	101.0000000003174136509188	55.1551552097766801807666
1	101.0000000003174136509188	34.7197138088395291788402
2	101.0000000003174136509188	26.4063858119584899952770
3	101.0000000003174136509188	37.0276498879557962595754
4	101.0000000003174136509188	40.9901509467524576280084
5	101.0000000003174136509188	50.1449665498540184671583
6	101.0000000003174136509188	46.0395860175676787662269
7	101.0000000003174136509188	36.8727740674142268062496
8	101.0000000003174136509188	55.5853269773032607758978
9	101.0000000003174136509188	86.7071980462061446814914
10	101.0000000003174136509188	191.9557380845569980465370
11	101.0000000003174136509188	249.5017814731236001080106
12	101.0000000003174136509188	371.5026275669531514722621
13	101.0000000003174136509188	752.2582883229866865804070
14	101.0000000003174136509188	690.1220629481505284275045
15	101.0000000003174136509188	643.5087649982394850667333
16	101.0000000003174136509188	662.8520657821198938108864
17	101.0000000003174136509188	707.6964374121241689863382
18	101.0000000003174136509188	650.8245744303051196766319
19	101.0000000003174136509188	687.5851913087104776423075
20	101.0000000003174136509188	651.3406317337332893657731
21	101.0000000003174136509188	655.4828409133145896703354
22	101.0000000003174136509188	675.3805549424585024098633
23	101.0000000003174136509188	651.9618829141555806927499
24	101.0000000003174136509188	675.1802350648741821714793
25	101.0000000003174136509188	688.9129422860958129604114
26	101.0000000003174136509188	694.7891440598219787716516
27	101.0000000003174136509188	640.5595661656147967732977
28	101.0000000003174136509188	683.2133549999490469417651
29	101.0000000003174136509188	666.0020744536219581277692
0	101.1000000003491550160106	55.2551552098084215458584
1	101.1000000003491550160106	34.8197138088712705439320
2	101.1000000003491550160106	26.5063858119547042235808
3	101.1000000003491550160106	37.1276498879875376246673
4	101.1000000003491550160106	41.0901509467841989931003
5	101.1000000003491550160106	50.2449665498857598322502
6	101.1000000003491550160106	46.1395860175994201313188
7	101.1000000003491550160106	36.9727740674459681713415
8	101.1000000003491550160106	55.6853269773350021409897
9	101.1000000003491550160106	86.8071980462378860465833
10	101.1000000003491550160106	191.9472922054265211500024
11	101.1000000003491550160106	244.9977539328018565356615
12	101.1000000003491550160106	358.3030898528548959802720
13	101.1000000003491550160106	714.7717840035452354641166
14	101.1000000003491550160106	645.3992487993622262365534
15	101.1000000003491550160106	594.3410189548254720648401
16	101.1000000003491550160106	615.3755076208447007957147
17	101.1000000003491550160106	664.5265807444041001872392
18	101.1000000003491550160106	602.4171807892175820597913
19	101.1000000003491550160106	642.3049349226167805682053
20	101.1000000003491550160106	602.7838299674386917104130
21	101.1000000003491550160106	607.2382584054047356403316
22	101.1000000003491550160106	628.9249039567665704453248
23	101.1000000003491550160106	603.4907520797844426851952
24	101.1000000003491550160106	628.8372555939274661795935
25	101.1000000003491550160106	644.0415543815994396936730
26	101.1000000003491550160106	650.3450418277423068502685
27	101.1000000003491550160106	591.1806284456008597771870
28	101.1000000003491550160106	637.5167055518778624900733
29	101.1000000003491550160106	618.8186095048542938457103
0	101.2000000003808963811025	55.3551552098401629109503
1	101.2000000003808963811025	34.9197138089030119090239
2	101.2000000003808963811025	26.6063858119509184518847
3	101.2000000003808963811025	37.2276498880192789897592
4	101.2000000003808963811025	41.1901509468159403581922
5	101.2000000003808963811025	50.3449665499175011973421
6	101.2000000003808963811025	46.2395860176311614964106
7	101.2000000003808963811025	37.0727740674777095364334
8	101.2000000003808963811025	55.7853269773667435060815
9	101.2000000003808963811025	86.9071980462696274116752
10	101.2000000003808963811025	189.3648776938800040170463
11	101.2000000003808963811025	238.9745153901641572247172
12	101.2000000003808963811025	344.7588297582263408003200
13	101.2000000003808963811025	681.4583857700670250778785
14	101.2000000003808963811025	604.1321741303074759343872
15	101.2000000003808963811025	547.1176946459821692769765
16	101.2000000003808963811025	569.4755428442334732608288
17	101.2000000003808963811025	622.1601660414308980762144
18	101.2000000003808963811025	555.8408145007283565064427
19	101.2000000003808963811025	598.1337666721530013091979
20	101.2000000003808963811025	556.0011538560879671422299
21	101.2000000003808963811025	560.6782434983197163091972
22	101.2000000003808963811025	583.7872480403613053567824
23	101.2000000003808963811025	556.7900724562668983708136
24	101.2000000003808963811025	583.8503370389124711437034
25	101.2000000003808963811025	600.3300527793260243925033
26	101.2000000003808963811025	606.9230250921907554584322
27	101.2000000003808963811025	543.8044747465238515360397
28	101.2000000003808963811025	593.0057357508662789769005
29	101.2000000003808963811025	573.1561987356619738420704
0	101.3000000004126377461944	55.4551552098719042760422
1	101.3000000004126377461944	35.0197138089347532741158
2	101.3000000004126377461944	26.7063858119471326801886
3	101.3000000004126377461944	37.3276498880510203548511
4	101.3000000004126377461944	41.2901509468476817232840
5	101.3000000004126377461944	50.4449665499492425624339
6	101.3000000004126377461944	46.3395860176629028615025
7	101.3000000004126377461944	37.1727740675094509015253
8	101.3000000004126377461944	55.8853269773984848711734
9	101.3000000004126377461944	87.0071980463013687767670
10	101.3000000004126377461944	186.2900495926017185865931
11	101.3000000004126377461944	230.6832914126844684687967
12	101.3000000004126377461944	328.8982465196303337506833
13	101.3000000004126377461944	638.0605965414282536585233
14	101.3000000004126377461944	561.5896338105413860830595
15	101.3000000004126377461944	502.4316946156154131131188
16	101.3000000004126377461944	525.7433134011372430904885
17	101.3000000004126377461944	581.1540048431712648380199
18	101.3000000004126377461944	511.6854007779621156259964
19	101.3000000004126377461944	555.6510100056896135356510
20	101.3000000004126377461944	511.5885976783819160118583
21	101.3000000004126377461944	516.3995355856220612622565
22	101.3000000004126377461944	540.5559058824998146519647
23	101.3000000004126377461944	512.4548450145773585973075
24	101.3000000004126377461944	540.8046628592671822843840
25	101.3000000004126377461944	558.3494303733001515865908
26	101.3000000004126377461944	565.0929303085853234733804
27	101.3000000004126377461944	499.0247765834433835152595
28	101.3000000004126377461944	550.2631135920170208919444
29	101.3000000004126377461944	529.6042634878115222818451
0	101.4000000004443791112863	55.5551552099036456411341
1	101.4000000004443791112863	35.1197138089664946392077
2	101.4000000004443791112863	26.8063858119433469084925
3	101.4000000004443791112863	37.4276498880827617199429
4	101.4000000004443791112863	41.3901509468794230883759
5	101.4000000004443791112863	50.5449665499809839275258
6	101.4000000004443791112863	46.4395860176946442265944
7	101.4000000004443791112863	37.2727740675411922666171
8	101.4000000004443791112863	55.9853269774302262362653
9	101.4000000004443791112863	87.1071980463331101418589
10	101.4000000004443791112863	184.2581278125871051543072
11	101.4000000004443791112863	226.0709019790879779066017
12	101.4000000004443791112863	316.0700644450089953352290
13	101.4000000004443791112863	604.4592868816555437661009
14	101.4000000004443791112863	522.6836413817055699837510
15	101.4000000004443791112863	460.6968320608689282380510
16	101.4000000004443791112863	484.6128463081284394320392
17	101.4000000004443791112863	541.9511244002908370021032
18	101.4000000004443791112863	470.3709291600699202717806
19	101.4000000004443791112863	515.3040674355721648680628
20	101.4000000004443791112863	469.9740311110562061003293
21	101.4000000004443791112863	474.8352356161404941303772
22	101.4000000004443791112863	499.6754586579876331597916
23	101.4000000004443791112863	470.9123473456054398411652
24	101.4000000004443791112863	500.1404106334736070493818
25	101.4000000004443791112863	518.5375845249807298387168
26	101.4000000004443791112863	525.2984231205581409085426
27	101.4000000004443791112863	457.2556859105017110778135
28	101.4000000004443791112863	509.7352972639116046593699
29	101.4000000004443791112863	488.5981560032155357475858
0	101.5000000004761204763781	55.6551552099353870062259
1	101.5000000004761204763781	35.2197138089982360042995
2	101.5000000004761204763781	26.9063858119395611367963
3	101.5000000004761204763781	37.5276498881145030850348
4	101.5000000004761204763781	41.4901509469111644534678
5	101.5000000004761204763781	50.6449665500127252926177
6	101.5000000004761204763781	46.5395860177263855916863
7	101.5000000004761204763781	37.3727740675729336317090
8	101.5000000004761204763781	56.0853269774619676013572
9	101.5000000004761204763781	87.2071980463648515069508
10	101.5000000004761204763781	181.5798277063964007993491
11	101.5000000004761204763781	219.2895875313653277771664
12	101.5000000004761204763781	302.6799954024222643056419
13	101.5000000004761204763781	571.1367280560695007807226
14	101.5000000004761204763781	486.3817973644602830063377
15	101.5000000004761204763781	422.1742810671794927657174
16	101.5000000004761204763781	446.3750755081006218460971
17	101.5000000004761204763781	504.8859545529194861046562
18	101.5000000004761204763781	432.1650536525683605759696
19	101.5000000004761204763781	477.4166923959182895487174
20	101.5000000004761204763781	431.4338206663127834872284
21	101.5000000004761204763781	436.2701568289884335172246
22	101.5000000004761204763781	461.4574400671204443824536
23	101.5000000004761204763781	432.4387278534163101539889
24	101.5000000004761204763781	462.1640005658072709593398
25	101.5000000004761204763781	481.2084279109350859471306
26	101.5000000004761204763781	487.8644345031070201912371
27	101.5000000004761204763781	418.7517716423460001351486
28	101.5000000004761204763781	471.7416759899634826069814
29	101.5000000004761204763781	450.4324946444199326833768
0	101.6000000005078618414700	55.7551552099671283713178
1	101.6000000005078618414700	35.3197138090299773693914
2	101.6000000005078618414700	27.0063858119357753651002
3	101.6000000005078618414700	37.6276498881462444501267
4	101.6000000005078618414700	41.5901509469429058185597
5	101.6000000005078618414700	50.7449665500444666577096
6	101.6000000005078618414700	46.6395860177581269567781
7	101.6000000005078618414700	37.4727740676046749968009
8	101.6000000005078618414700	56.1853269774937089664490
9	101.6000000005078618414700	87.3071980463965928720427
10	101.6000000005078618414700	178.6534705049470517224108
11	101.6000000005078618414700	211.5515536796943933950388
12	101.6000000005078618414700	288.8447420138461438909872
13	101.6000000005078618414700	536.8198967067779676654027
14	101.6000000005078618414700	451.8124660071276252892858
15	101.6000000005078618414700	386.9907535713568904611748
16	101.6000000005078618414700	411.1963984943365630897461
17	101.6000000005078618414700	470.1934694250267057213932
18	101.6000000005078618414700	397.2051406767627668159548
19	101.6000000005078618414700	442.2015945671354302248801
20	101.6000000005078618414700	396.1140204791395262873266
21	101.6000000005078618414700	400.8607761374503866136365
22	101.6000000005078618414700	426.0955153723537591758941
23	101.6000000005078618414700	397.1801537747720090010262
24	101.6000000005078618414700	427.0637926666298085365270
25	101.6000000005078618414700	446.5652368631744479898771
26	101.6000000005078618414700	453.0087889038579760381253
27	101.6000000005078618414700	383.6324119306650004546100
28	101.6000000005078618414700	436.4881048639873597494443
29	101.6000000005078618414700	415.2790046317779797391267
0	101.7000000005396032065619	55.8551552099988697364097
1	101.7000000005396032065619	35.4197138090617187344833
2	101.7000000005396032065619	27.1063858119319895934041
3	101.7000000005396032065619	37.7276498881779858152186
4	101.7000000005396032065619	41.6901509469746471836515
5	101.7000000005396032065619	50.8449665500762080228014
6	101.7000000005396032065619	46.7395860177898683218700
7	101.7000000005396032065619	37.5727740676364163618928
8	101.7000000005396032065619	56.2853269775254503315409
9	101.7000000005396032065619	87.4071980464283342371345
10	101.7000000005396032065619	176.8252489176698247774766
11	101.7000000005396032065619	207.6474604488095110355061
12	101.7000000005396032065619	277.9848401535617767876829
13	101.7000000005396032065619	509.9305023329171149271133
14	101.7000000005396032065619	421.0123691495170987764141
15	101.7000000005396032065619	355.1638588107524583392660
16	101.7000000005396032065619	379.1395009882953672786243
17	101.7000000005396032065619	438.0209561739372361444111
18	101.7000000005396032065619	365.5221987249500443795114
19	101.7000000005396032065619	409.7756894324980407873227
20	101.7000000005396032065619	364.0536284882387008110527
21	101.7000000005396032065619	368.6573912408887281344505
22	101.7000000005396032065619	393.6832050583554405420728
23	101.7000000005396032065619	365.1760150282553922806983
24	101.7000000005396032065619	394.9282454195457603418618
25	101.7000000005396032065619	414.7164894965202961429895
26	101.7000000005396032065619	420.8564409613571797308396
27	101.7000000005396032065619	351.9078629639800510631176
28	101.7000000005396032065619	404.0830518562494262369000
29	101.7000000005396032065619	383.2066737221639414201491
0	101.8000000005713445716538	55.9551552100306111015016
1	101.8000000005713445716538	35.5197138090934600995752
2	101.8000000005713445716538	27.2063858119282038217079
3	101.8000000005713445716538	37.8276498882097271803104
4	101.8000000005713445716538	41.7901509470063885487434
5	101.8000000005713445716538	50.9449665501079493878933
6	101.8000000005713445716538	46.8395860178216096869619
7	101.8000000005713445716538	37.6727740676681577269846
8	101.8000000005713445716538	56.3853269775571916966328
9	101.8000000005713445716538	87.2556025975557361107349
10	101.8000000005713445716538	174.1131465925347470147244
11	101.8000000005713445716538	201.1997425570759787660791
12	101.8000000005713445716538	266.0153281964140887794201
13	101.8000000005713445716538	479.3956201448859246738721
14	101.8000000005713445716538	392.2961393845487236831104
15	101.8000000005713445716538	326.6304115895001132230391
16	101.8000000005713445716538	350.1845793932311607932206
17	101.8000000005713445716538	408.4411966009764114460268
18	101.8000000005713445716538	337.0646374435118559631519
19	101.8000000005713445716538	380.1765038420770679294947
20	101.8000000005713445716538	335.2078795439746841111628
21	101.8000000005713445716538	339.6265190222665069086361
22	101.8000000005713445716538	364.2324848249481306083908
23	101.8000000005713445716538	336.3821609550026323631755
24	101.8000000005713445716538	365.7648447122639367989905
25	101.8000000005713445716538	385.6926775836641922978743
26	101.8000000005713445716538	391.4549154927822769423074
27	101.8000000005713445716538	323.5048198957223348770640
28	101.8000000005713445716538	374.5548027732241962439730
29	101.8000000005713445716538	354.2023971385597178596072
0	101.9000000006030859367456	56.0551552100623524665934
1	101.9000000006030859367456	35.6197138091252014646670
2	101.9000000006030859367456	27.3063858119244180500118
3	101.9000000006030859367456	37.9276498882414685454023
4	101.9000000006030859367456	41.8901509470381299138353
5	101.9000000006030859367456	51.0449665501396907529852
6	101.9000000006030859367456	46.9395860178533510520538
7	101.9000000006030859367456	37.7727740676998990920765
8	101.9000000006030859367456	56.4853269775889330617247
9	101.9000000006030859367456	85.8992304802284962761405
10	101.9000000006030859367456	168.9259950125404543541663
11	101.9000000006030859367456	193.2284068929285467675072
12	101.9000000006030859367456	253.2639634580828555954213
13	101.9000000006030859367456	452.8969480555996938164753
14	101.9000000006030859367456	366.5852940387024432311591
15	101.9000000006030859367456	301.2645767809017343097366
16	101.9000000006030859367456	324.2495546739049814277678
17	101.9000000006030859367456	381.4660350321212831659068
18	101.9000000006030859367456	311.7203752403776775281585
19	101.9000000006030859367456	353.3785305909654539391340
20	101.9000000006030859367456	309.4700881300481682956161
21	101.9000000006030859367456	313.6720722055591181742784
22	101.9000000006030859367456	337.6919496702078049565898
23	101.9000000006030859367456	310.6926872400519528127916
24	101.9000000006030859367456	339.5184851249084090341057
25	101.9000000006030859367456	359.4628835446496850636322
26	101.9000000006030859367456	364.7898011596003584600112
27	101.9000000006030859367456	298.2899299165478055329004
28	101.9000000006030859367456	347.8684779514190381632943
29	101.9000000006030859367456	328.1907244943348018750839
0	102.0000000006348273018375	56.1551552100940938316853
1	102.0000000006348273018375	35.7197138091569428297589
2	102.0000000006348273018375	27.4063858119206322783157
3	102.0000000006348273018375	38.0276498882732099104942
4	102.0000000006348273018375	41.9901509470698712789272
5	102.0000000006348273018375	51.1449665501714321180771
6	102.0000000006348273018375	47.0395860178850924171456
7	102.0000000006348273018375	37.8727740677316404571684
8	102.0000000006348273018375	56.5853269776206744268165
9	102.0000000006348273018375	85.3008019832717820918333
10	102.0000000006348273018375	165.8912973448651371199958
11	102.0000000006348273018375	187.4492789950645033059118
12	102.0000000006348273018375	241.7253265690673629251251
13	102.0000000006348273018375	427.9395753789926857280079
14	102.0000000006348273018375	341.8459129897598813840887
15	102.0000000006348273018375	278.8998341133142275793944
16	102.0000000006348273018375	301.2083191860343163170910
17	102.0000000006348273018375	357.0595291353790798893897
18	102.0000000006348273018375	289.3363597838534815309686
19	102.0000000006348273018375	329.3086350276488474264625
20	102.0000000006348273018375	286.6910787020044608652825
21	102.0000000006348273018375	290.6543460414571882211021
22	102.0000000006348273018375	313.9636049130010633234633
23	102.0000000006348273018375	287.9593144015529446733126
24	102.0000000006348273018375	316.0883736652263564792520
25	102.0000000006348273018375	335.9502430213141224157880
26	102.0000000006348273018375	340.7994337825747379611130
27	102.0000000006348273018375	276.0903203778117358524469
28	102.0000000006348273018375	323.9419479579266862856457
29	102.0000000006348273018375	305.0517632725814678451570
0	102.1000000006665686669294	56.2551552101258351967772
1	102.1000000006665686669294	35.8197138091886841948508
2	102.1000000006665686669294	27.5063858119168465066195
3	102.1000000006665686669294	38.1276498883049512755861
4	102.1000000006665686669294	42.0901509471016126440190
5	102.1000000006665686669294	51.2449665502031734831689
6	102.1000000006665686669294	47.1395860179168337822375
7	102.1000000006665686669294	37.9727740677633818222603
8	102.1000000006665686669294	56.4460641637567732686875
9	102.1000000006665686669294	84.4433541581094146977193
10	102.1000000006665686669294	163.0764209035166913963621
11	102.1000000006665686669294	182.1224064794569699188287
12	102.1000000006665686669294	233.5773942430040506224032
13	102.1000000006665686669294	407.3022685454908469182556
14	102.1000000006665686669294	322.2992429486359924339922
15	102.1000000006665686669294	259.3467878625439198003733
16	102.1000000006665686669294	280.9064768588520450975921
17	102.1000000006665686669294	335.1501078331759799766587
18	102.1000000006665686669294	269.7350315788819443696411
19	102.1000000006665686669294	307.8599158440884480114619
20	102.1000000006665686669294	266.6956975509311860150774
21	102.1000000006665686669294	270.4062826095660625469463
22	102.1000000006665686669294	292.9176963252606924470456
23	102.1000000006665686669294	268.0078538178285612048057
24	102.1000000006665686669294	295.3428833495589174162888
25	102.1000000006665686669294	315.0457239329712706421560
26	102.1000000006665686669294	319.3881834850907353029470
27	102.1000000006665686669294	256.7107102894380545876629
28	102.1000000006665686669294	302.6600529772484264867671
29	102.1000000006665686669294	284.6366898235589815158164
0	102.2000000006983100320213	56.3551552101575765618691
1	102.2000000006983100320213	35.9197138092204255599427
2	102.2000000006983100320213	27.6063858119130607349234
3	102.2000000006983100320213	38.2276498883366926406779
4	102.2000000006983100320213	42.1901509471333540091109
5	102.2000000006983100320213	51.3449665502349148482608
6	102.2000000006983100320213	47.2395860179485751473294
7	102.2000000006983100320213	38.0715035070497975766557
8	102.2000000006983100320213	55.9714950757795364211233
9	102.2000000006983100320213	82.9340775067492614880393
10	102.2000000006983100320213	157.9997692957373089939210
11	102.2000000006983100320213	175.5481128321998482988420
12	102.2000000006983100320213	222.8901436742225996567868
13	102.2000000006983100320213	387.1717780371545813977718
14	102.2000000006983100320213	303.6494655833426463686919
15	102.2000000006983100320213	242.4076221213827579958888
16	102.2000000006983100320213	263.1743696090855451075186
17	102.2000000006983100320213	315.6413694086887176126766
18	102.2000000006983100320213	252.7276213247578766640800
19	102.2000000006983100320213	288.9036839237600133856176
20	102.2000000006983100320213	249.2962590343277327065152
21	102.2000000006983100320213	252.7468288623207968157658
22	102.2000000006983100320213	274.4052870920218083483633
23	102.2000000006983100320213	250.6516149118953649121977
24	102.2000000006983100320213	277.1320829880679070811311
25	102.2000000006983100320213	296.6199187817212532536360
26	102.2000000006983100320213	300.4380053991694126125367
27	102.2000000006983100320213	239.9470565557000156786671
28	102.2000000006983100320213	283.8868047348493632853206
29	102.2000000006983100320213	266.7806419753248974302551
0	102.3000000007300513971131	56.4551552101893179269609
1	102.3000000007300513971131	36.0197138092521669250345
2	102.3000000007300513971131	27.7063858119092749632273
3	102.3000000007300513971131	38.3276498883684340057698
4	102.3000000007300513971131	42.2901509471650953742028
5	102.3000000007300513971131	51.4449665502666562133527
6	102.3000000007300513971131	47.3395860179803165124213
7	102.3000000007300513971131	37.7990572990887940818538
8	102.3000000007300513971131	55.2015356177350327016029
9	102.3000000007300513971131	80.9421548228962990378932
10	102.3000000007300513971131	153.4551643646800869191793
11	102.3000000007300513971131	168.7399070491661348114576
12	102.3000000007300513971131	212.6425013612803525120398
13	102.3000000007300513971131	366.7357865830142031882133
14	102.3000000007300513971131	286.3791808381239434311283
15	102.3000000007300513971131	227.8834466627603774213640
16	102.3000000007300513971131	247.8374220213133298784669
17	102.3000000007300513971131	298.4213290615697360408376
18	102.3000000007300513971131	238.1244223503512671413773
19	102.3000000007300513971131	272.2994330185899798379978
20	102.3000000007300513971131	234.3030340362082313276915
21	102.3000000007300513971131	237.4914569767963143931411
22	102.3000000007300513971131	258.2685178717640042123094
23	102.3000000007300513971131	235.7018609689803270157427
24	102.3000000007300513971131	261.2978977684714436691138
25	102.3000000007300513971131	280.5327553425677820087003
26	102.3000000007300513971131	283.8181124042287706288334
27	102.3000000007300513971131	225.5969453916047484653973
28	102.3000000007300513971131	267.4754666787472388023161
29	102.3000000007300513971131	251.3130067739595858711255
0	102.4000000007617927622050	56.5551552102210592920528
1	102.4000000007617927622050	36.1197138092839082901264
2	102.4000000007617927622050	27.8063858119054891915312
3	102.4000000007617927622050	38.4276498884001753708617
4	102.4000000007617927622050	42.3901509471968367392947
5	102.4000000007617927622050	51.5449665502983975784446
6	102.4000000007617927622050	47.4395860180120578775131
7	102.4000000007617927622050	37.6808167954718697956196
8	102.4000000007617927622050	54.5786419616992120040777
9	102.4000000007617927622050	79.5560907021153980167583
10	102.4000000007617927622050	149.7626238972958674366964
11	102.4000000007617927622050	163.9191507022332530141284
12	102.4000000007617927622050	205.5857564597952205076581
13	102.4000000007617927622050	351.9274891727141039154958
14	102.4000000007617927622050	273.2841221289451141274185
15	102.4000000007617927622050	215.5831538502547175539803
16	102.4000000007617927622050	234.7239906641524100905372
17	102.4000000007617927622050	283.3700616457704200001899
18	102.4000000007617927622050	225.7423292554096008188935
19	102.4000000007617927622050	257.9028293752922991188825
20	102.4000000007617927622050	221.5320465623053109993634
21	102.4000000007617927622050	224.4600766146470505191246
22	102.4000000007617927622050	244.3486458097365243702370
23	102.4000000007617927622050	222.9755780734747361293557
24	102.4000000007617927622050	247.6820117635984104254021
25	102.4000000007617927622050	266.6411787529736443502770
26	102.4000000007617927622050	269.3927751272559021344932
27	102.4000000007617927622050	213.4670874758752177058341
28	102.4000000007617927622050	253.2765639161514741317660
29	102.4000000007617927622050	238.0652745731971151599282
0	102.5000000007935341272969	56.6551552102528006571447
1	102.5000000007935341272969	36.2197138093156496552183
2	102.5000000007935341272969	27.9063858119017034198350
3	102.5000000007935341272969	38.5276498884319167359536
4	102.5000000007935341272969	42.4901509472285781043865
5	102.5000000007935341272969	51.6449665503301389435364
6	102.5000000007935341272969	47.5395860180437992426050
7	102.5000000007935341272969	37.6985866486523164553546
8	102.5000000007935341272969	54.3325101623844233245109
9	102.5000000007935341272969	78.8463147801506067935406
10	102.5000000007935341272969	147.1302278786226906959200
11	102.5000000007935341272969	160.4275872204706274715136
12	102.5000000007935341272969	199.6036383325344445438532
13	102.5000000007935341272969	339.9209647770359197238577
14	102.5000000007935341272969	261.9419556944313853819040
15	102.5000000007935341272969	205.3307425886548003290955
16	102.5000000007935341272969	223.6709942401562614122668
17	102.5000000007935341272969	270.3657807253034093264432
18	102.5000000007935341272969	215.4099988524238540321676
19	102.5000000007935341272969	245.5718461792627635986719
20	102.5000000007935341272969	210.8105196784218549055367
21	102.5000000007935341272969	213.4826504834049387682171
22	102.5000000007935341272969	232.4920541831768616702902
23	102.5000000007935341272969	212.3008959896804412892379
24	102.5000000007935341272969	236.1317144034054820167512
25	102.5000000007935341272969	254.8049489353848287009896
26	102.5000000007935341272969	257.0273503217766233319708
27	102.5000000007935341272969	203.3783320883864575989719
28	102.5000000007935341272969	241.1439721562517775055312
29	102.5000000007935341272969	226.8767159036483747058810
0	102.6000000008252754923888	56.7551552102845420222366
1	102.6000000008252754923888	36.3197138093473910203102
2	102.6000000008252754923888	28.0063858118979176481389
3	102.6000000008252754923888	38.6276498884636581010454
4	102.6000000008252754923888	42.5901509472603194694784
5	102.6000000008252754923888	51.7449665503618803086283
6	102.6000000008252754923888	47.6395860180755406076969
7	102.6000000008252754923888	37.5567390202046027525284
8	102.6000000008252754923888	53.8827781100335556629943
9	102.6000000008252754923888	77.6004671383176969357010
10	102.6000000008252754923888	144.7344637844044541452604
11	102.6000000008252754923888	156.5647493696315848410450
12	102.6000000008252754923888	194.3974078635802698045154
13	102.6000000008252754923888	328.7205439908207722510269
14	102.6000000008252754923888	252.1047639130935920093179
15	102.6000000008252754923888	196.9669352307687972825079
16	102.6000000008252754923888	214.5276218070140998861461
17	102.6000000008252754923888	259.2894514089757080910204
18	102.6000000008252754923888	206.9709861629708029795438
19	102.6000000008252754923888	235.1712182997981415155664
20	102.6000000008252754923888	201.9803203898158017182141
21	102.6000000008252754923888	204.4028414577382477546053
22	102.6000000008252754923888	222.5544649586249477124511
23	102.6000000008252754923888	203.5205071446530382672790
24	102.6000000008252754923888	226.5039272876230427300470
25	102.6000000008252754923888	244.8907378586820016153069
26	102.6000000008252754923888	246.5926882585923749502399
27	102.6000000008252754923888	195.1686001379326000915171
28	102.6000000008252754923888	230.9392811668533624924748
29	102.6000000008252754923888	217.5981619782885729819100
0	102.7000000008570168574806	56.8551552103162833873284
1	102.7000000008570168574806	36.4197138093791323854020
2	102.7000000008570168574806	28.1063858118941318764428
3	102.7000000008570168574806	38.7276498884953994661373
4	102.7000000008570168574806	42.6901509472920608345703
5	102.7000000008570168574806	51.8449665503936216737202
6	102.7000000008570168574806	47.7395860181072819727888
7	102.7000000008570168574806	37.5062515378081968719925
8	102.7000000008570168574806	53.3758576203443766416967
9	102.7000000008570168574806	76.6429727092382506725698
10	102.7000000008570168574806	141.7091672933940742495906
11	102.7000000008570168574806	153.1536422850024052877416
12	102.7000000008570168574806	189.0939195511223545054236
13	102.7000000008570168574806	319.1908890708382955381239
14	102.7000000008570168574806	243.8879763408935446022952
15	102.7000000008570168574806	190.3498929503959686826420
16	102.7000000008570168574806	207.1573795688522352520522
17	102.7000000008570168574806	250.0280548400790792129555
18	102.7000000008570168574806	200.2851483306845921106287
19	102.7000000008570168574806	226.5753992645551022633299
20	102.7000000008570168574806	194.8997069636678247661621
21	102.7000000008570168574806	197.0799832251321106468822
22	102.7000000008570168574806	214.4035801594705787920248
23	102.7000000008570168574806	196.4933823006853401693661
24	102.7000000008570168574806	218.6676335977221015127725
25	102.7000000008570168574806	236.7747078116303782735486
26	102.7000000008570168574806	237.9680779478373437996197
27	102.7000000008570168574806	188.6940618708234467248985
28	102.7000000008570168574806	222.5346297257615617581905
29	102.7000000008570168574806	210.0941432258169925262337
0	102.8000000008887582225725	56.9551552103480247524203
1	102.8000000008887582225725	36.5197138094108737504939
2	102.8000000008887582225725	28.2063858118903461047466
3	102.8000000008887582225725	38.8276498885271408312292
4	102.8000000008887582225725	42.7901509473238021996622
5	102.8000000008887582225725	51.9449665504253630388121
6	102.8000000008887582225725	47.8395860181390233378806
7	102.8000000008887582225725	37.4671755766065999182501
8	102.8000000008887582225725	53.1423297928848796800594
9	102.8000000008887582225725	75.9391401742625049564595
10	102.8000000008887582225725	140.0762570137226248334628
11	102.8000000008887582225725	150.9150691956650121028360
12	102.8000000008887582225725	186.2278479441039564790117
13	102.8000000008887582225725	312.8207578797311043672380
14	102.8000000008887582225725	238.5573418421593885341281
15	102.8000000008887582225725	185.3551397098646589256532
16	102.8000000008887582225725	201.4386560155404310989979
17	102.8000000008887582225725	242.4766086585108268991462
18	102.8000000008887582225725	195.2284928652757400868722
19	102.8000000008887582225725	219.6701688484527323907969
20	102.8000000008887582225725	189.4435849116107704048773
21	102.8000000008887582225725	191.3895809775293628263171
22	102.8000000008887582225725	207.9203287154509212086850
23	102.8000000008887582225725	191.0949816092445985304948
24	102.8000000008887582225725	212.5048726923675417310733
25	102.8000000008887582225725	230.3437072973152055510582
26	102.8000000008887582225725	231.0428583423871202739974
27	102.8000000008887582225725	183.8287515070648225901095
28	102.8000000008887582225725	215.8141691265702775126556
29	102.8000000008887582225725	204.2435661334479846118484
0	102.9000000009204995876644	57.0551552103797661175122
1	102.9000000009204995876644	36.6197138094426151155858
2	102.9000000009204995876644	28.3063858118865603330505
3	102.9000000009204995876644	38.9276498885588821963211
4	102.9000000009204995876644	42.8901509473555435647540
5	102.9000000009204995876644	52.0449665504571044039039
6	102.9000000009204995876644	47.9395860181707647029725
7	102.9000000009204995876644	37.5302283210637597221648
8	102.9000000009204995876644	53.1729623517996401460550
9	102.9000000009204995876644	75.8420638188891160780258
10	102.9000000009204995876644	139.5792992046836502595397
11	102.9000000009204995876644	149.8406665820757837082056
12	102.9000000009204995876644	184.2187388863085857337865
13	102.9000000009204995876644	308.5770492492803782624833
14	102.9000000009204995876644	234.5850653800303291518503
15	102.9000000009204995876644	181.8749525424194359857211
16	102.9000000009204995876644	197.2638418914209808008309
17	102.9000000009204995876644	236.5389975944887908099190
18	102.9000000009204995876644	191.6914468801387840812822
19	102.9000000009204995876644	214.3529616839944935691165
20	102.9000000009204995876644	185.5023125474295397907554
21	102.9000000009204995876644	187.2224008962508037257066
22	102.9000000009204995876644	202.9987975342949084733846
23	102.9000000009204995876644	187.2159888868145003471000
24	102.9000000009204995876644	207.9103476030956016984419
25	102.9000000009204995876644	225.4951285817159600810555
26	102.9000000009204995876644	225.7167493644219007364882
27	102.9000000009204995876644	180.4625857858759729879239
28	102.9000000009204995876644	210.6742256959579719932663
29	102.9000000009204995876644	199.9389749937760996090219
0	103.0000000009522409527563	57.1551552104115074826041
1	103.0000000009522409527563	36.7197138094743564806777
2	103.0000000009522409527563	28.4063858118827745613544
3	103.0000000009522409527563	39.0276498885906235614129
4	103.0000000009522409527563	42.9901509473872849298459
5	103.0000000009522409527563	52.1449665504888457689958
6	103.0000000009522409527563	48.0393914330261608824912
7	103.0000000009522409527563	37.6046674009462336130127
8	103.0000000009522409527563	53.1789572697206054385788
9	103.0000000009522409527563	75.6603237954597034331528
10	103.0000000009522409527563	138.8839114469593596368213
11	103.0000000009522409527563	149.1354816254024910904263
12	103.0000000009522409527563	182.8267517049289665465039
13	103.0000000009522409527563	306.3364058038121697791212
14	103.0000000009522409527563	232.3048096032006810673920
15	103.0000000009522409527563	179.8137972668030215572799
16	103.0000000009522409527563	194.5367758699782427811442
17	103.0000000009522409527563	232.1275678209365764814720
18	103.0000000009522409527563	189.5751407559453127760207
19	103.0000000009522409527563	210.5318421447524031009380
20	103.0000000009522409527563	182.9787949589890843071771
21	103.0000000009522409527563	184.4819406489347386468580
22	103.0000000009522409527563	199.5447491816045157975168
23	103.0000000009522409527563	184.7592810025430480891373
24	103.0000000009522409527563	204.7894825360875188380305
25	103.0000000009522409527563	222.1353008587726947098417
26	103.0000000009522409527563	221.8988163951768513015850
27	103.0000000009522409527563	178.4973142934387055902334
28	103.0000000009522409527563	207.0220733894664419949549
29	103.0000000009522409527563	197.0842021029936859122245
0	103.1000000009839823178481	57.2551552104432488476959
1	103.1000000009839823178481	36.8197138095060978457695
2	103.1000000009839823178481	28.5063858118789887896583
3	103.1000000009839823178481	39.1276498886223649265048
4	103.1000000009839823178481	43.0901509474190262949378
5	103.1000000009839823178481	52.2449665505205871340877
6	103.1000000009839823178481	48.0443898454887516891176
7	103.1000000009839823178481	37.5891642071192038088157
8	103.1000000009839823178481	53.0985973502225689912848
9	103.1000000009839823178481	75.4625378283345611407640
10	103.1000000009839823178481	138.5048577968561005491210
11	103.1000000009839823178481	148.4226174286557977666234
12	103.1000000009839823178481	182.2204388701187838250917
13	103.1000000009839823178481	304.4278981409850644013204
14	103.1000000009839823178481	231.3439371180315049514320
15	103.1000000009839823178481	179.0807226170259411901498
16	103.1000000009839823178481	193.1677003557056195859332
17	103.1000000009839823178481	229.1612458052474892156170
18	103.1000000009839823178481	188.7843725080877277378022
19	103.1000000009839823178481	208.1227663944703181186924
20	103.1000000009839823178481	181.7829266796524336768925
21	103.1000000009839823178481	183.0794947168382122981711
22	103.1000000009839823178481	197.4722771855541338936746
23	103.1000000009839823178481	183.6341236265060388177517
24	103.1000000009839823178481	203.0543296042710608162452
25	103.1000000009839823178481	220.1759532305946720498468
26	103.1000000009839823178481	219.5047068095465760961815
27	103.1000000009839823178481	177.8388167598686493420246
28	103.1000000009839823178481	204.7729120395697179901617
29	103.1000000009839823178481	195.5896919610605664274772
0	103.2000000010157236829400	57.3551552104749902127878
1	103.2000000010157236829400	36.9197138095378392108614
2	103.2000000010157236829400	28.6063858118752030179621
3	103.2000000010157236829400	39.2276498886541062915967
4	103.2000000010157236829400	43.1901509474507676600297
5	103.2000000010157236829400	52.3449665505523284991796
6	103.2000000010157236829400	48.1442449503427383206144
7	103.2000000010157236829400	37.6640997532636774280945
8	103.2000000010157236829400	53.1021864153122038487709
9	103.2000000010157236829400	75.4242106882036296156002
10	103.2000000010157236829400	138.1574560993708757905551
11	103.2000000010157236829400	148.1629553841362678667792
12	103.2000000010157236829400	181.8481717592937059180258
13	103.2000000010157236829400	304.3364162286160876647045
14	103.2000000010157236829400	231.2630115834203934355173
15	103.2000000010157236829400	179.1642040586585267192277
16	103.2000000010157236829400	192.9973283578064524590445
17	103.2000000010157236829400	227.5614872864747439962230
18	103.2000000010157236829400	188.8562625124191072245594
19	103.2000000010157236829400	207.0440713553380476241728
20	103.2000000010157236829400	181.7026903814347349452873
21	103.2000000010157236829400	182.8758660603556052137719
22	103.2000000010157236829400	196.6972851858944579817035
23	103.2000000010157236829400	183.5915197606931315021939
24	103.2000000010157236829400	202.6131378396370621430833
25	103.2000000010157236829400	219.5274683443100798285741
26	103.2000000010157236829400	218.4510965512642428620893
27	103.2000000010157236829400	177.9308538141845019708853
28	103.2000000010157236829400	203.8438315842597603477770
29	103.2000000010157236829400	195.3314638286443027936912
0	103.3000000010474650480319	57.4551552105067315778797
1	103.3000000010474650480319	37.0197138095695805759533
2	103.3000000010474650480319	28.7063858118714172462660
3	103.3000000010474650480319	39.3276498886858476566886
4	103.3000000010474650480319	43.2901509474825090251215
5	103.3000000010474650480319	52.4449665505840698642714
6	103.3000000010474650480319	48.2441839163783612320913
7	103.3000000010474650480319	37.7640997532954187931864
8	103.3000000010474650480319	53.1997870637347247679827
9	103.3000000010474650480319	75.4821009348808900085714
10	103.3000000010474650480319	138.2334301794817577047070
11	103.3000000010474650480319	148.2629553841680092318711
12	103.3000000010474650480319	181.9481717593254472831177
13	103.3000000010474650480319	304.4364162283636119354924
14	103.3000000010474650480319	231.3630115834521348006092
15	103.3000000010474650480319	179.2642040586902680843195
16	103.3000000010474650480319	193.0973283578381938241364
17	103.3000000010474650480319	227.2280887800612845239812
18	103.3000000010474650480319	188.9562625124508485896513
19	103.3000000010474650480319	207.0241896890507860007347
20	103.3000000010474650480319	181.8026903814664763103792
21	103.3000000010474650480319	182.9758660603873465788638
22	103.3000000010474650480319	196.7698610453233243333671
23	103.3000000010474650480319	183.6915197607248728672857
24	103.3000000010474650480319	202.7131378396688035081752
25	103.3000000010474650480319	219.6209276838732478154270
26	103.3000000010474650480319	218.4444903645924398460920
27	103.3000000010474650480319	178.0308538142162433359772
28	103.3000000010474650480319	203.8785979110793107338395
29	103.3000000010474650480319	195.4314638286760441587830
0	103.4000000010792064131238	57.5551552105384729429716
1	103.4000000010792064131238	37.1197138096013219410452
2	103.4000000010792064131238	28.8063858118676314745699
3	103.4000000010792064131238	39.4276498887175890217804
4	103.4000000010792064131238	43.3901509475142503902134
5	103.4000000010792064131238	52.5449665506158112293633
6	103.4000000010792064131238	48.3441839164101025971831
7	103.4000000010792064131238	37.8640997533271601582783
8	103.4000000010792064131238	53.2997870637664661330746
9	103.4000000010792064131238	75.5821009349126313736633
10	103.4000000010792064131238	138.3334301795134990697989
11	103.4000000010792064131238	148.3629553841997505969630
12	103.4000000010792064131238	182.0481717593571886482096
13	103.4000000010792064131238	304.5364162281111362062802
14	103.4000000010792064131238	231.4630115834838761657011
15	103.4000000010792064131238	179.3642040587220094494114
16	103.4000000010792064131238	193.1973283578699351892283
17	103.4000000010792064131238	227.3280887800930258890730
18	103.4000000010792064131238	189.0562625124825899547432
19	103.4000000010792064131238	207.1241896890825273658265
20	103.4000000010792064131238	181.9026903814982176754711
21	103.4000000010792064131238	183.0758660604190879439557
22	103.4000000010792064131238	196.8698610453550656984589
23	103.4000000010792064131238	183.7915197607566142323776
24	103.4000000010792064131238	202.8131378397005448732671
25	103.4000000010792064131238	219.7209276839049891805189
26	103.4000000010792064131238	218.5444903646241812111839
27	103.4000000010792064131238	178.1308538142479847010691
28	103.4000000010792064131238	203.9785979111110520989314
29	103.4000000010792064131238	195.5314638287077855238749
0	103.5000000011109477782156	57.6551552105702143080634
1	103.5000000011109477782156	37.2197138096330633061370
2	103.5000000011109477782156	28.9063858118638457028737
3	103.5000000011109477782156	39.5276498887493303868723
4	103.5000000011109477782156	43.4901509475459917553053
5	103.5000000011109477782156	52.6449665506475525944552
6	103.5000000011109477782156	48.4441839164418439622750
7	103.5000000011109477782156	37.9640997533589015233702
8	103.5000000011109477782156	53.3997870637982074981664
9	103.5000000011109477782156	75.6821009349443727387552
10	103.5000000011109477782156	138.4334301795452404348907
11	103.5000000011109477782156	148.4629553842314919620549
12	103.5000000011109477782156	182.1481717593889300133014
13	103.5000000011109477782156	304.6364162278586604770680
14	103.5000000011109477782156	231.5630115835156175307930
15	103.5000000011109477782156	179.4642040587537508145033
16	103.5000000011109477782156	193.2973283579016765543201
17	103.5000000011109477782156	227.4280887801247672541649
18	103.5000000011109477782156	189.1562625125143313198350
19	103.5000000011109477782156	207.2241896891142687309184
20	103.5000000011109477782156	182.0026903815299590405630
21	103.5000000011109477782156	183.1758660604508293090475
22	103.5000000011109477782156	196.9698610453868070635508
23	103.5000000011109477782156	183.8915197607883555974695
24	103.5000000011109477782156	202.9131378397322862383589
25	103.5000000011109477782156	219.8209276839367305456108
26	103.5000000011109477782156	218.6444903646559225762758
27	103.5000000011109477782156	178.2308538142797260661609
28	103.5000000011109477782156	204.0785979111427934640233
29	103.5000000011109477782156	195.6314638287395268889668
0	103.6000000011426891433075	57.7551552106019556731553
1	103.6000000011426891433075	37.3197138096648046712289
2	103.6000000011426891433075	29.0063858118600599311776
3	103.6000000011426891433075	39.6276498887810717519642
4	103.6000000011426891433075	43.5901509475777331203972
5	103.6000000011426891433075	52.7449665506792939595471
6	103.6000000011426891433075	48.5441839164735853273669
7	103.6000000011426891433075	38.0640997533906428884620
8	103.6000000011426891433075	53.4997870638299488632583
9	103.6000000011426891433075	75.7821009349761141038471
10	103.6000000011426891433075	138.5334301795769817999826
11	103.6000000011426891433075	148.5629553842632333271467
12	103.6000000011426891433075	182.2481717594206713783933
13	103.6000000011426891433075	304.7364162276061847478559
14	103.6000000011426891433075	231.6630115835473588958848
15	103.6000000011426891433075	179.5642040587854921795952
16	103.6000000011426891433075	193.3973283579334179194120
17	103.6000000011426891433075	227.5280887801565086192568
18	103.6000000011426891433075	189.2562625125460726849269
19	103.6000000011426891433075	207.3241896891460100960103
20	103.6000000011426891433075	182.1026903815617004056548
21	103.6000000011426891433075	183.2758660604825706741394
22	103.6000000011426891433075	197.0698610454185484286427
23	103.6000000011426891433075	183.9915197608200969625614
24	103.6000000011426891433075	203.0131378397640276034508
25	103.6000000011426891433075	219.9209276839684719107026
26	103.6000000011426891433075	218.7444903646876639413676
27	103.6000000011426891433075	178.3308538143114674312528
28	103.6000000011426891433075	204.1785979111745348291151
29	103.6000000011426891433075	195.7314638287712682540587
0	103.7000000011744305083994	57.8551552106336970382472
1	103.7000000011744305083994	37.4197138096965460363208
2	103.7000000011744305083994	29.1063858118562741594815
3	103.7000000011744305083994	39.7276498888128131170561
4	103.7000000011744305083994	43.6901509476094744854890
5	103.7000000011744305083994	52.8449665507110353246389
6	103.7000000011744305083994	48.6441839165053266924588
7	103.7000000011744305083994	38.1640997534223842535539
8	103.7000000011744305083994	53.5997870638616902283502
9	103.7000000011744305083994	75.8821009350078554689389
10	103.7000000011744305083994	138.6334301796087231650745
11	103.7000000011744305083994	148.6629553842949746922386
12	103.7000000011744305083994	182.3481717594524127434852
13	103.7000000011744305083994	304.8364162273537090186437
14	103.7000000011744305083994	231.7630115835791002609767
15	103.7000000011744305083994	179.6642040588172335446870
16	103.7000000011744305083994	193.4973283579651592845039
17	103.7000000011744305083994	227.6280887801882499843487
18	103.7000000011744305083994	189.3562625125778140500188
19	103.7000000011744305083994	207.4241896891777514611022
20	103.7000000011744305083994	182.2026903815934417707467
21	103.7000000011744305083994	183.3758660605143120392313
22	103.7000000011744305083994	197.1698610454502897937346
23	103.7000000011744305083994	184.0915197608518383276532
24	103.7000000011744305083994	203.1131378397957689685427
25	103.7000000011744305083994	220.0209276840002132757945
26	103.7000000011744305083994	218.8444903647194053064595
27	103.7000000011744305083994	178.4308538143432087963447
28	103.7000000011744305083994	204.2785979112062761942070
29	103.7000000011744305083994	195.8314638288030096191505
0	103.8000000012061718734913	57.9551552106654384033391
1	103.8000000012061718734913	37.5197138097282874014127
2	103.8000000012061718734913	29.2063858118524883877853
3	103.8000000012061718734913	39.8276498888445544821479
4	103.8000000012061718734913	43.7901509476412158505809
5	103.8000000012061718734913	52.9449665507427766897308
6	103.8000000012061718734913	48.7441839165370680575506
7	103.8000000012061718734913	38.2640997534541256186458
8	103.8000000012061718734913	53.6997870638934315934421
9	103.8000000012061718734913	75.9821009350395968340308
10	103.8000000012061718734913	138.7334301796404645301664
11	103.8000000012061718734913	148.7629553843267160573305
12	103.8000000012061718734913	182.4481717594841541085771
13	103.8000000012061718734913	304.9364162271012332894315
14	103.8000000012061718734913	231.8630115836108416260686
15	103.8000000012061718734913	179.7642040588489749097789
16	103.8000000012061718734913	193.5973283579969006495958
17	103.8000000012061718734913	227.7280887802199913494405
18	103.8000000012061718734913	189.4562625126095554151107
19	103.8000000012061718734913	207.5241896892094928261940
20	103.8000000012061718734913	182.3026903816251831358386
21	103.8000000012061718734913	183.4758660605460534043232
22	103.8000000012061718734913	197.2698610454820311588264
23	103.8000000012061718734913	184.1915197608835796927451
24	103.8000000012061718734913	203.2131378398275103336346
25	103.8000000012061718734913	220.1209276840319546408864
26	103.8000000012061718734913	218.9444903647511466715514
27	103.8000000012061718734913	178.5308538143749501614366
28	103.8000000012061718734913	204.3785979112380175592989
29	103.8000000012061718734913	195.9314638288347509842424
0	103.9000000012379132385831	58.0551552106971797684309
1	103.9000000012379132385831	37.6197138097600287665045
2	103.9000000012379132385831	29.3063858118487026160892
3	103.9000000012379132385831	39.9276498888762958472398
4	103.9000000012379132385831	43.8901509476729572156728
5	103.9000000012379132385831	53.0449665507745180548227
6	103.9000000012379132385831	48.8441839165688094226425
7	103.9000000012379132385831	38.3640997534858669837377
8	103.9000000012379132385831	53.7997870639251729585339
9	103.9000000012379132385831	76.0821009350713381991227
10	103.9000000012379132385831	138.8334301796722058952582
11	103.9000000012379132385831	148.8629553843584574224224
12	103.9000000012379132385831	182.5481717595158954736689
13	103.9000000012379132385831	305.0364162268487575602194
14	103.9000000012379132385831	231.9630115836425829911605
15	103.9000000012379132385831	179.8642040588807162748708
16	103.9000000012379132385831	193.6973283580286420146876
17	103.9000000012379132385831	227.8280887802517327145324
18	103.9000000012379132385831	189.5562625126412967802025
19	103.9000000012379132385831	207.6241896892412341912859
20	103.9000000012379132385831	182.4026903816569245009305
21	103.9000000012379132385831	183.5758660605777947694150
22	103.9000000012379132385831	197.3698610455137725239183
23