0	100.1000000000317413650919	11.5494813101618039041796
1	100.1000000000317413650919	 0.0010727413604484702190
2	100.1000000000317413650919	 7.0367911585643714289517
3	100.1000000000317413650919	 3.3218687913124704813583
4	100.1000000000317413650919	19.7094310807378505501219
5	100.1000000000317413650919	21.7684792559672324330222
6	100.1000000000317413650919	 8.1764305533964876104847
7	100.1000000000317413650919	15.0838885040568069229039
8	100.1000000000317413650919	 3.1737653860056527221900
9	100.1000000000317413650919	16.9537700972526508280680
10	100.1000000000317413650919	16.3745323921739966976929
11	100.1000000000317413650919	 2.6993208927489025228397
12	100.1000000000317413650919	 0.0000000000000000000000
13	100.1000000000317413650919	 0.0000000000000000000000
14	100.1000000000317413650919	 0.0000000000000000000000
15	100.1000000000317413650919	 0.1049082880837999692814
16	100.1000000000317413650919	 0.0981672042441757292108
17	100.1000000000317413650919	 0.0826091372172076676694
18	100.1000000000317413650919	 0.1026969267387808498748
19	100.1000000000317413650919	 0.0893136489263112870463
20	100.1000000000317413650919	 0.1022174604387817015150
21	100.1000000000317413650919	 0.1006443365854480520571
22	100.1000000000317413650919	 0.0935434844867717579797
23	100.1000000000317413650919	 0.1020387784631380523326
24	100.1000000000317413650919	 0.0938013285450068207139
25	100.1000000000317413650919	 0.0892541105014170582654
26	100.1000000000317413650919	 0.0870220856000369219485
27	100.1000000000317413650919	 0.1063056342574944523882
28	100.1000000000317413650919	 0.0908338401482544771648
29	100.1000000000317413650919	 0.0970556479818440870355
0	100.2000000000634827301838	 7.2731134895446425403520
1	100.2000000000634827301838	12.4940473825832878418396
2	100.2000000000634827301838	 5.7126769687464591385151
3	100.2000000000634827301838	12.7208568036533016254452
4	100.2000000000634827301838	 8.6956214201086758919246
5	100.2000000000634827301838	 6.8562579528560494424028
6	100.2000000000634827301838	10.2575096877622033986199
7	100.2000000000634827301838	 0.0000000000000000000000
8	100.2000000000634827301838	16.2296114337220274137508
9	100.2000000000634827301838	 6.6038080058015031781338
10	100.2000000000634827301838	 4.4037248124949668337536
11	100.2000000000634827301838	 0.1248703809379620860431
12	100.2000000000634827301838	 0.0000000000000000000000
13	100.2000000000634827301838	 0.8775667980775037069208
14	100.2000000000634827301838	 0.1401248592917673785330
15	100.2000000000634827301838	 0.2034238583829534319225
16	100.2000000000634827301838	 0.1903046515581236497461
17	100.2000000000634827301838	 0.1599133348743319582574
18	100.2000000000634827301838	 0.1991417042034004658557
19	100.2000000000634827301838	 0.1730211774444871952738
20	100.2000000000634827301838	 0.1982381663671660687598
21	100.2000000000634827301838	 0.1951695481492285444425
22	100.2000000000634827301838	 0.1812878643951550683422
23	100.2000000000634827301838	 0.1978831815554432105309
24	100.2000000000634827301838	 0.1817699179843391132927
25	100.2000000000634827301838	 0.1728576913022437377965
26	100.2000000000634827301838	 0.1685239715058882148391
27	100.2000000000634827301838	 0.2062211891414900410968
28	100.2000000000634827301838	 0.1759901867247594675625
29	100.2000000000634827301838	 0.1881301193062096255293
0	100.3000000000952240952756	 8.6219592729987635237876
1	100.3000000000952240952756	13.6969773280362012712885
2	100.3000000000952240952756	13.4335026215291755136150
3	100.3000000000952240952756	 9.9862909590977437801484
4	100.3000000000952240952756	 2.8068384469041287587743
5	100.3000000000952240952756	 0.3979969597963083915992
6	100.3000000000952240952756	 0.3292957998227419857962
7	100.3000000000952240952756	 0.9120414856333665110100
8	100.3000000000952240952756	 1.6675914973134815522116
9	100.3000000000952240952756	 0.0039191171426946943418
10	100.3000000000952240952756	 0.0000000000000000000000
11	100.3000000000952240952756	 0.0000000000000000000000
12	100.3000000000952240952756	 2.3146007274404869491491
13	100.3000000000952240952756	 0.3535269660750915976521
14	100.3000000000952240952756	 0.0000000000000000000000
15	100.3000000000952240952756	 0.2968532569225423300985
16	100.3000000000952240952756	 0.2774581960573944128257
17	100.3000000000952240952756	 0.2329177905755927813214
18	100.3000000000952240952756	 0.2903664786172904799244
19	100.3000000000952240952756	 0.2521659703142918873553
20	100.3000000000952240952756	 0.2891255522549829315437
21	100.3000000000952240952756	 0.2846446872514580284097
22	100.3000000000952240952756	 0.2642897452959973025877
23	100.3000000000952240952756	 0.2885913080584225354208
24	100.3000000000952240952756	 0.2649426538710190626169
25	100.3000000000952240952756	 0.2518103591066860880154
26	100.3000000000952240952756	 0.2455220790716933221276
27	100.3000000000952240952756	 0.3007997268172169502698
28	100.3000000000952240952756	 0.2565160084235401649622
29	100.3000000000952240952756	 0.2742661463730630688751
0	100.4000000001269654603675	 2.4354575311101838153149
1	100.4000000001269654603675	 0.0376184003508097455915
2	100.4000000001269654603675	 8.0132883887388768329174
3	100.4000000001269654603675	 0.1668819901059994670334
4	100.4000000001269654603675	 3.0967145177346364626203
5	100.4000000001269654603675	 4.8299387938880320447765
6	100.4000000001269654603675	 5.6655219081876788678187
7	100.4000000001269654603675	 4.5723279766124544920558
8	100.4000000001269654603675	 0.6266626773124285287864
9	100.4000000001269654603675	 0.0000000000000000000000
10	100.4000000001269654603675	 0.0000000000000000000000
11	100.4000000001269654603675	 0.0000000000000000000000
12	100.4000000001269654603675	 0.0000000000000000000000
13	100.4000000001269654603675	 0.0000000000000000000000
14	100.4000000001269654603675	 0.0000000000000000000000
15	100.4000000001269654603675	 0.3854385808147559044912
16	100.4000000001269654603675	 0.3596236037831928022968
17	100.4000000001269654603675	 0.3017488713681746870243
18	100.4000000001269654603675	 0.3763062135684808739988
19	100.4000000001269654603675	 0.3268364197674771265412
20	100.4000000001269654603675	 0.3748485342794627972474
21	100.4000000001269654603675	 0.3690604441863445384087
22	100.4000000001269654603675	 0.3426041266198038282020
23	100.4000000001269654603675	 0.3741289616640147142057
24	100.4000000001269654603675	 0.3433534066427875730554
25	100.4000000001269654603675	 0.3261608728872774642937
26	100.4000000001269654603675	 0.3181048169602820330226
27	100.4000000001269654603675	 0.3899576287441996469418
28	100.4000000001269654603675	 0.3324865466850127626586
29	100.4000000001269654603675	 0.3554682513513158226282
0	100.5000000001587068254594	 0.8361347381780499521398
1	100.5000000001587068254594	 0.0000000000000000000000
2	100.5000000001587068254594	 0.0180555574916401347096
3	100.5000000001587068254594	 0.0000000000000000000000
4	100.5000000001587068254594	 0.0000000000000000000000
5	100.5000000001587068254594	 1.6738009190216276422802
6	100.5000000001587068254594	 0.0717768942324161357549
7	100.5000000001587068254594	 0.7250692009152915895598
8	100.5000000001587068254594	 0.0000000000000000000000
9	100.5000000001587068254594	 0.0000000000000000000000
10	100.5000000001587068254594	 1.5993295535052398648190
11	100.5000000001587068254594	 0.0000000000000000000000
12	100.5000000001587068254594	 0.0000000000000000000000
13	100.5000000001587068254594	 0.0000000000000000000000
14	100.5000000001587068254594	 0.0000000000000000000000
15	100.5000000001587068254594	 0.4686653565854998482187
16	100.5000000001587068254594	 0.4364921676802200334322
17	100.5000000001587068254594	 0.3662612815459173054577
18	100.5000000001587068254594	 0.4565837441153488551748
19	100.5000000001587068254594	 0.3968321786794322680869
20	100.5000000001587068254594	 0.4550617107924379012296
21	100.5000000001587068254594	 0.4480953859913425763040
22	100.5000000001587068254594	 0.4159880860987633655057
23	100.5000000001587068254594	 0.4541483748402593279003
24	100.5000000001587068254594	 0.4167393551675081520003
25	100.5000000001587068254594	 0.3956738119915614304567
26	100.5000000001587068254594	 0.3860789231470886373465
27	100.5000000001587068254594	 0.4732907547030231754093
28	100.5000000001587068254594	 0.4036850466109818125204
29	100.5000000001587068254594	 0.4314378628398758963591
0	100.6000000001904481905513	 0.0000000000000000000000
1	100.6000000001904481905513	 0.0000000000000000000000
2	100.6000000001904481905513	 0.0000000000000000000000
3	100.6000000001904481905513	 0.0000000000000000000000
4	100.6000000001904481905513	 0.0000000000000000000000
5	100.6000000001904481905513	 0.0000000000000000000000
6	100.6000000001904481905513	 0.0000000000000000000000
7	100.6000000001904481905513	 0.0000000000000000000000
8	100.6000000001904481905513	 0.0000000000000000000000
9	100.6000000001904481905513	 0.0000000000000000000000
10	100.6000000001904481905513	 0.0000000000000000000000
11	100.6000000001904481905513	 0.0000000000000000000000
12	100.6000000001904481905513	 0.0000000000000000000000
13	100.6000000001904481905513	 0.2578137144201360086981
14	100.6000000001904481905513	 0.4186826813218472165268
15	100.6000000001904481905513	 0.5449991292410586440909
16	100.6000000001904481905513	 0.5076404508588034936167
17	100.6000000001904481905513	 0.4261968271415682574244
18	100.6000000001904481905513	 0.5307092043974365180858
19	100.6000000001904481905513	 0.4618364596184904580234
20	100.6000000001904481905513	 0.5293031794224652974989
21	100.6000000001904481905513	 0.5213106021108457888147
22	100.6000000001904481905513	 0.4840815783195047683485
23	100.6000000001904481905513	 0.5281857852750557746901
24	100.6000000001904481905513	 0.4847227001660915357562
25	100.6000000001904481905513	 0.4600027706871407939815
26	100.6000000001904481905513	 0.4491375033557041263066
27	100.6000000001904481905513	 0.5502801952560441023365
28	100.6000000001904481905513	 0.4697781536840028859814
29	100.6000000001904481905513	 0.5017614996419054174126
0	100.7000000002221895556431	 0.0000000000000000000000
1	100.7000000002221895556431	 0.0000000000000000000000
2	100.7000000002221895556431	 0.0000000000000000000000
3	100.7000000002221895556431	 0.0000000000000000000000
4	100.7000000002221895556431	 0.0000000000000000000000
5	100.7000000002221895556431	 0.0000000000000000000000
6	100.7000000002221895556431	 0.0000000000000000000000
7	100.7000000002221895556431	 0.0000000000000000000000
8	100.7000000002221895556431	 0.0000000000000000000000
9	100.7000000002221895556431	 0.0000000000000000000000
10	100.7000000002221895556431	 0.0000000000000000000000
11	100.7000000002221895556431	 0.0000000000000000000000
12	100.7000000002221895556431	 0.0427508553233632293544
13	100.7000000002221895556431	 0.4695207818877543126668
14	100.7000000002221895556431	 0.3580798462292122952277
15	100.7000000002221895556431	 0.6144108007747093314066
16	100.7000000002221895556431	 0.5726085598244554653036
17	100.7000000002221895556431	 0.4812522081636652071523
18	100.7000000002221895556431	 0.5981637230856936549017
19	100.7000000002221895556431	 0.5214888342118227937405
20	100.7000000002221895556431	 0.5970772200488516645578
21	100.7000000002221895556431	 0.5882310723416392939100
22	100.7000000002221895556431	 0.5464834846179695837520
23	100.7000000002221895556431	 0.5957440839692375034176
24	100.7000000002221895556431	 0.5468872995398061931382
25	100.7000000002221895556431	 0.5187640611486205033387
26	100.7000000002221895556431	 0.5069314368430444250890
27	100.7000000002221895556431	 0.6203781650308588524467
28	100.7000000002221895556431	 0.5303899113642042140171
29	100.7000000002221895556431	 0.5659899174186933112907
0	100.8000000002539309207350	 0.0000000000000000000000
1	100.8000000002539309207350	 0.0000000000000000000000
2	100.8000000002539309207350	 0.0000000000000000000000
3	100.8000000002539309207350	 0.0000000000000000000000
4	100.8000000002539309207350	 0.0000000000000000000000
5	100.8000000002539309207350	 0.0000000000000000000000
6	100.8000000002539309207350	 0.0000000000000000000000
7	100.8000000002539309207350	 0.0000000000000000000000
8	100.8000000002539309207350	 0.0000000000000000000000
9	100.8000000002539309207350	 0.0000000000000000000000
10	100.8000000002539309207350	 0.0000000000000000000000
11	100.8000000002539309207350	 0.0933938210963777409868
12	100.8000000002539309207350	 0.4647881167880484332144
13	100.8000000002539309207350	 0.3594731419189350352106
14	100.8000000002539309207350	 0.6282691499744160745777
15	100.8000000002539309207350	 0.6764703915111907051028
16	100.8000000002539309207350	 0.6309421172062508187395
17	100.8000000002539309207350	 0.5311139367502630825868
18	100.8000000002539309207350	 0.6584429288421989046043
19	100.8000000002539309207350	 0.5754226546407124054383
20	100.8000000002539309207350	 0.6578970251621997222813
21	100.8000000002539309207350	 0.6483876346915753430267
22	100.8000000002539309207350	 0.6027907383211953407098
23	100.8000000002539309207350	 0.6563355629698341964229
24	100.8000000002539309207350	 0.6028182508393400418356
25	100.8000000002539309207350	 0.5715749395635248975012
26	100.8000000002539309207350	 0.5591062138374041090572
27	100.8000000002539309207350	 0.6830525679888598267198
28	100.8000000002539309207350	 0.5851398183572092959182
29	100.8000000002539309207350	 0.6236790374774435763428
0	100.9000000002856722858269	 0.0000000000000000000000
1	100.9000000002856722858269	 0.0000000000000000000000
2	100.9000000002856722858269	 0.0000000000000000000000
3	100.9000000002856722858269	 0.0000000000000000000000
4	100.9000000002856722858269	 0.0000000000000000000000
5	100.9000000002856722858269	 0.0000000000000000000000
6	100.9000000002856722858269	 0.0000000000000000000000
7	100.9000000002856722858269	 0.0000000000000000000000
8	100.9000000002856722858269	 0.0000000000000000000000
9	100.9000000002856722858269	 0.0000000000000000000000
10	100.9000000002856722858269	 0.0000000000000000000000
11	100.9000000002856722858269	 0.1976325596853053812030
12	100.9000000002856722858269	 0.2447876418421733868414
13	100.9000000002856722858269	 0.3675794963710981577698
14	100.9000000002856722858269	 0.5314371487375483260607
15	100.9000000002856722858269	 0.7308097330827222348759
16	100.9000000002856722858269	 0.6822172175132740212788
17	100.9000000002856722858269	 0.5754788674600469500220
18	100.9000000002856722858269	 0.7110830838066789505447
19	100.9000000002856722858269	 0.6232871208905353954677
20	100.9000000002856722858269	 0.7113102219440327056432
21	100.9000000002856722858269	 0.7013419853313020979613
22	100.9000000002856722858269	 0.6526214731409188951616
23	100.9000000002856722858269	 0.7095074683587703212595
24	100.9000000002856722858269	 0.6521254113313064149082
25	100.9000000002856722858269	 0.6180763331154979223214
26	100.9000000002856722858269	 0.6053237009934938628319
27	100.9000000002856722858269	 0.7378137781256656202444
28	100.9000000002856722858269	 0.6336653040448837481691
29	100.9000000002856722858269	 0.6744143353386570227670
0	101.0000000003174136509188	 0.0000000000000000000000
1	101.0000000003174136509188	 0.0000000000000000000000
2	101.0000000003174136509188	 0.0000000000000000000000
3	101.0000000003174136509188	 0.0000000000000000000000
4	101.0000000003174136509188	 0.0000000000000000000000
5	101.0000000003174136509188	 0.0000000000000000000000
6	101.0000000003174136509188	 0.0000000000000000000000
7	101.0000000003174136509188	 0.0000000000000000000000
8	101.0000000003174136509188	 0.0000000000000000000000
9	101.0000000003174136509188	 0.0000000000000000000000
10	101.0000000003174136509188	 0.0000000000000000000000
11	101.0000000003174136509188	 0.2635601933962216092411
12	101.0000000003174136509188	 0.2262397688954401742123
13	101.0000000003174136509188	 0.5562304718276974702107
14	101.0000000003174136509188	 0.5889813147026314865684
15	101.0000000003174136509188	 0.7769293290388896711107
16	101.0000000003174136509188	 0.7260568106304826629938
17	101.0000000003174136509188	 0.6140675221323638188764
18	101.0000000003174136509188	 0.7556784027570165873655
19	101.0000000003174136509188	 0.6647616778568121720383
20	101.0000000003174136509188	 0.7569157292787869195649
21	101.0000000003174136509188	 0.7467031584482561878957
22	101.0000000003174136509188	 0.6956301742105922558679
23	101.0000000003174136509188	 0.7548588885371423362614
24	101.0000000003174136509188	 0.6944588439957248837686
25	101.0000000003174136509188	 0.6579477250324984316521
26	101.0000000003174136509188	 0.6452763439915490950582
27	101.0000000003174136509188	 0.7842324238503679545431
28	101.0000000003174136509188	 0.6756364133238765834477
29	101.0000000003174136509188	 0.7178268941717339535202
0	101.1000000003491550160106	 0.0000000000000000000000
1	101.1000000003491550160106	 0.0000000000000000000000
2	101.1000000003491550160106	 0.0000000000000000000000
3	101.1000000003491550160106	 0.0000000000000000000000
4	101.1000000003491550160106	 0.0000000000000000000000
5	101.1000000003491550160106	 0.0000000000000000000000
6	101.1000000003491550160106	 0.0000000000000000000000
7	101.1000000003491550160106	 0.0000000000000000000000
8	101.1000000003491550160106	 0.0000000000000000000000
9	101.1000000003491550160106	 0.0000000000000000000000
10	101.1000000003491550160106	 0.0691394534195739485227
11	101.1000000003491550160106	 0.1187874677373737392072
12	101.1000000003491550160106	 0.4239842015250220308431
13	101.1000000003491550160106	 0.3603987524038346768052
14	101.1000000003491550160106	 0.7674441387924397783848
15	101.1000000003491550160106	 0.8145102219563448153750
16	101.1000000003491550160106	 0.7621420697755780793159
17	101.1000000003491550160106	 0.6466333999467941406891
18	101.1000000003491550160106	 0.7918932550164128336689
19	101.1000000003491550160106	 0.6995661243897663972291
20	101.1000000003491550160106	 0.7943756470346936549021
21	101.1000000003491550160106	 0.7841391499519191343737
22	101.1000000003491550160106	 0.7315183238003746257760
23	101.1000000003491550160106	 0.7920526695892896595907
24	101.1000000003491550160106	 0.7295196815503912635137
25	101.1000000003491550160106	 0.6909175620659752103947
26	101.1000000003491550160106	 0.6786971205212596336409
27	101.1000000003491550160106	 0.8219519598569305918190
28	101.1000000003491550160106	 0.7107661227770758483047
29	101.1000000003491550160106	 0.7536046946715511118953
0	101.2000000003808963811025	 0.0000000000000000000000
1	101.2000000003808963811025	 0.0000000000000000000000
2	101.2000000003808963811025	 0.0000000000000000000000
3	101.2000000003808963811025	 0.0000000000000000000000
4	101.2000000003808963811025	 0.0000000000000000000000
5	101.2000000003808963811025	 0.0000000000000000000000
6	101.2000000003808963811025	 0.0000000000000000000000
7	101.2000000003808963811025	 0.0000000000000000000000
8	101.2000000003808963811025	 0.0000000000000000000000
9	101.2000000003808963811025	 0.0000000000000000000000
10	101.2000000003808963811025	 0.1024249208767964991473
11	101.2000000003808963811025	 0.3207393980023204305141
12	101.2000000003808963811025	 0.4124596890304577656572
13	101.2000000003808963811025	 0.6925604660979085558381
14	101.2000000003808963811025	 0.7379189878504479604970
15	101.2000000003808963811025	 0.8432821111517878609476
16	101.2000000003808963811025	 0.7902207861182251047438
17	101.2000000003808963811025	 0.6729698339651973837405
18	101.2000000003808963811025	 0.8194710162192203606324
19	101.2000000003808963811025	 0.7274680768399978125771
20	101.2000000003808963811025	 0.8234239479561492602855
21	101.2000000003808963811025	 0.8133854426417146399331
22	101.2000000003808963811025	 0.7600422297277680261374
23	101.2000000003808963811025	 0.8208241253245545099304
24	101.2000000003808963811025	 0.7570680944853238614201
25	101.2000000003808963811025	 0.7167708155910220702012
26	101.2000000003808963811025	 0.7053668558031236379691
27	101.2000000003808963811025	 0.8506978299646401620038
28	101.2000000003808963811025	 0.7388179471546549859085
29	101.2000000003808963811025	 0.7815008597068726636792
0	101.3000000004126377461944	 0.0000000000000000000000
1	101.3000000004126377461944	 0.0000000000000000000000
2	101.3000000004126377461944	 0.0000000000000000000000
3	101.3000000004126377461944	 0.0000000000000000000000
4	101.3000000004126377461944	 0.0000000000000000000000
5	101.3000000004126377461944	 0.0000000000000000000000
6	101.3000000004126377461944	 0.0000000000000000000000
7	101.3000000004126377461944	 0.0000000000000000000000
8	101.3000000004126377461944	 0.0000000000000000000000
9	101.3000000004126377461944	 0.0000000000000000000000
10	101.3000000004126377461944	 0.2414366821515175343116
11	101.3000000004126377461944	 0.3410984882917382221557
12	101.3000000004126377461944	 0.4236178271826446239956
13	101.3000000004126377461944	 0.6217538278359833192610
14	101.3000000004126377461944	 0.6208862618313896186706
15	101.3000000004126377461944	 0.8631278582729707826715
16	101.3000000004126377461944	 0.8101135771044802869056
17	101.3000000004126377461944	 0.6929152164459774221328
18	101.3000000004126377461944	 0.8382404837693755439432
19	101.3000000004126377461944	 0.7482886464898188538797
20	101.3000000004126377461944	 0.8438728884000601393467
21	101.3000000004126377461944	 0.8342513435721484738039
22	101.3000000004126377461944	 0.7810189165830372370891
23	101.3000000004126377461944	 0.8409874567351312002472
24	101.3000000004126377461944	 0.7769292412824142513017
25	101.3000000004126377461944	 0.7353545497332660829670
26	101.3000000004126377461944	 0.7251197456735767321589
27	101.3000000004126377461944	 0.8702841509933988417558
28	101.3000000004126377461944	 0.7596117029893562078158
29	101.3000000004126377461944	 0.8013397466228294740986
0	101.4000000004443791112863	 0.0000000000000000000000
1	101.4000000004443791112863	 0.0000000000000000000000
2	101.4000000004443791112863	 0.0000000000000000000000
3	101.4000000004443791112863	 0.0000000000000000000000
4	101.4000000004443791112863	 0.0000000000000000000000
5	101.4000000004443791112863	 0.0000000000000000000000
6	101.4000000004443791112863	 0.0000000000000000000000
7	101.4000000004443791112863	 0.0000000000000000000000
8	101.4000000004443791112863	 0.0000000000000000000000
9	101.4000000004443791112863	 0.0000000000000000000000
10	101.4000000004443791112863	 0.1580032298500864962332
11	101.4000000004443791112863	 0.1506465130424481657645
12	101.4000000004443791112863	 0.4627147224148944748556
13	101.4000000004443791112863	 0.4206122709771518697330
14	101.4000000004443791112863	 0.7169628608293207028268
15	101.4000000004443791112863	 0.8739052118225585363831
16	101.4000000004443791112863	 0.8217185042021205587659
17	101.4000000004443791112863	 0.7063570519963319194190
18	101.4000000004443791112863	 0.8481203628389220039452
19	101.4000000004443791112863	 0.7619068080984221502661
20	101.4000000004443791112863	 0.8556176448814722945713
21	101.4000000004443791112863	 0.8466246372918669882424
22	101.4000000004443791112863	 0.7943305680167391802371
23	101.4000000004443791112863	 0.8524403870191157306380
24	101.4000000004443791112863	 0.7889976880623221777711
25	101.4000000004443791112863	 0.7465819728142597533349
26	101.4000000004443791112863	 0.7378475576875753727535
27	101.4000000004443791112863	 0.8806184319046007624721
28	101.4000000004443791112863	 0.7730279105030859465586
29	101.4000000004443791112863	 0.8130213825876417832461
0	101.5000000004761204763781	 0.0000000000000000000000
1	101.5000000004761204763781	 0.0000000000000000000000
2	101.5000000004761204763781	 0.0000000000000000000000
3	101.5000000004761204763781	 0.0000000000000000000000
4	101.5000000004761204763781	 0.0000000000000000000000
5	101.5000000004761204763781	 0.0000000000000000000000
6	101.5000000004761204763781	 0.0000000000000000000000
7	101.5000000004761204763781	 0.0000000000000000000000
8	101.5000000004761204763781	 0.0000000000000000000000
9	101.5000000004761204763781	 0.0000000000000000000000
10	101.5000000004761204763781	 0.0347625495274056089956
11	101.5000000004761204763781	 0.4364213919869908697713
12	101.5000000004761204763781	 0.4225857798883294602632
13	101.5000000004761204763781	 0.7509593528438511800260
14	101.5000000004761204763781	 0.8019956409722422963071
15	101.5000000004761204763781	 0.8755530818650769653289
16	101.5000000004761204763781	 0.8250141686680301233991
17	101.5000000004761204763781	 0.7132351080282021138501
18	101.5000000004761204763781	 0.8491221260460037889573
19	101.5000000004761204763781	 0.7682627388710697724505
20	101.5000000004761204763781	 0.8586394767628853230690
21	101.5000000004761204763781	 0.8504748521065771393879
22	101.5000000004761204763781	 0.7999278070007063146107
23	101.5000000004761204763781	 0.8551673121415513945109
24	101.5000000004761204763781	 0.7932405848950905280503
25	101.5000000004761204763781	 0.7504352553704132233747
26	101.5000000004761204763781	 0.7435027867915308119606
27	101.5000000004761204763781	 0.8817046346102836995584
28	101.5000000004761204763781	 0.7790111158308680172624
29	101.5000000004761204763781	 0.8165245364457763832533
0	101.6000000005078618414700	 0.0000000000000000000000
1	101.6000000005078618414700	 0.0000000000000000000000
2	101.6000000005078618414700	 0.0000000000000000000000
3	101.6000000005078618414700	 0.0000000000000000000000
4	101.6000000005078618414700	 0.0000000000000000000000
5	101.6000000005078618414700	 0.0000000000000000000000
6	101.6000000005078618414700	 0.0000000000000000000000
7	101.6000000005078618414700	 0.0000000000000000000000
8	101.6000000005078618414700	 0.0000000000000000000000
9	101.6000000005078618414700	 0.0000000000000000000000
10	101.6000000005078618414700	 0.1510788300846197251825
11	101.6000000005078618414700	 0.2464945607816384498534
12	101.6000000005078618414700	 0.4613884313180729446202
13	101.6000000005078618414700	 0.4911956505908961490015
14	101.6000000005078618414700	 0.7219850389083440900251
15	101.6000000005078618414700	 0.8682577516072004231162
16	101.6000000005078618414700	 0.8200615514390204863204
17	101.6000000005078618414700	 0.7135438284548409892949
18	101.6000000005078618414700	 0.8413514464001583537112
19	101.6000000005078618414700	 0.7673603005625031503456
20	101.6000000005078618414700	 0.8530076086129081414100
21	101.6000000005078618414700	 0.8458553288381899237791
22	101.6000000005078618414700	 0.7978319938432713032128
23	101.6000000005078618414700	 0.8492411604684713122282
24	101.6000000005078618414700	 0.7896997804350321947808
25	101.6000000005078618414700	 0.7469672961644132636039
26	101.6000000005078618414700	 0.7421009378845754289600
27	101.6000000005078618414700	 0.8736447773962274787607
28	101.6000000005078618414700	 0.7775723088370524171964
29	101.6000000005078618414700	 0.8119086151584598010089
0	101.7000000005396032065619	 0.0000000000000000000000
1	101.7000000005396032065619	 0.0000000000000000000000
2	101.7000000005396032065619	 0.0000000000000000000000
3	101.7000000005396032065619	 0.0000000000000000000000
4	101.7000000005396032065619	 0.0000000000000000000000
5	101.7000000005396032065619	 0.0000000000000000000000
6	101.7000000005396032065619	 0.0000000000000000000000
7	101.7000000005396032065619	 0.0000000000000000000000
8	101.7000000005396032065619	 0.0000000000000000000000
9	101.7000000005396032065619	 0.0000000000000000000000
10	101.7000000005396032065619	 0.2040732025222294632183
11	101.7000000005396032065619	 0.2280969456466520606241
12	101.7000000005396032065619	 0.4326667878916869436345
13	101.7000000005396032065619	 0.4977618034651387635137
14	101.7000000005396032065619	 0.6164374197581500292031
15	101.7000000005396032065619	 0.8521140290553795848538
16	101.7000000005396032065619	 0.8070049960402144728633
17	101.7000000005396032065619	 0.7073341190944508749538
18	101.7000000005396032065619	 0.8250083526360283414647
19	101.7000000005396032065619	 0.7592687793218942937656
20	101.7000000005396032065619	 0.8388799718105153235825
21	101.7000000005396032065619	 0.8329042262296343368533
22	101.7000000005396032065619	 0.7881366645452579922093
23	101.7000000005396032065619	 0.8348241014149265781796
24	101.7000000005396032065619	 0.7784930010730257698981
25	101.7000000005396032065619	 0.7363025641452537461973
26	101.7000000005396032065619	 0.7337220510011707164111
27	101.7000000005396032065619	 0.8566392307241034176357
28	101.7000000005396032065619	 0.7687905540825301642371
29	101.7000000005396032065619	 0.7993145186898027443334
0	101.8000000005713445716538	 0.0000000000000000000000
1	101.8000000005713445716538	 0.0000000000000000000000
2	101.8000000005713445716538	 0.0000000000000000000000
3	101.8000000005713445716538	 0.0000000000000000000000
4	101.8000000005713445716538	 0.0000000000000000000000
5	101.8000000005713445716538	 0.0000000000000000000000
6	101.8000000005713445716538	 0.0000000000000000000000
7	101.8000000005713445716538	 0.0000000000000000000000
8	101.8000000005713445716538	 0.0000000000000000000000
9	101.8000000005713445716538	 0.1457813840461366361456
10	101.8000000005713445716538	 0.1627510147990653965877
11	101.8000000005713445716538	 0.3827317532965422985924
12	101.8000000005713445716538	 0.4133413685538988580070
13	101.8000000005713445716538	 0.7531426738062860781753
14	101.8000000005713445716538	 0.6812736917827630911404
15	101.8000000005713445716538	 0.8273707770644267434079
16	101.8000000005713445716538	 0.7860720243925647388039
17	101.8000000005713445716538	 0.6947145823275207021652
18	101.8000000005713445716538	 0.8003862361592819496536
19	101.8000000005713445716538	 0.7441239674997078834551
20	101.8000000005713445716538	 0.8165029213601211477425
21	101.8000000005713445716538	 0.8118445718416217316005
22	101.8000000005713445716538	 0.7710082034099051684350
23	101.8000000005713445716538	 0.8121672198215843518909
24	101.8000000005713445716538	 0.7598141940351779144436
25	101.8000000005713445716538	 0.7186371184267807965540
26	101.8000000005713445716538	 0.7185115554843392038364
27	101.8000000005713445716538	 0.8309858353581327516935
28	101.8000000005713445716538	 0.7528139228152666007077
29	101.8000000005713445716538	 0.7789645622644715272642
0	101.9000000006030859367456	 0.0000000000000000000000
1	101.9000000006030859367456	 0.0000000000000000000000
2	101.9000000006030859367456	 0.0000000000000000000000
3	101.9000000006030859367456	 0.0000000000000000000000
4	101.9000000006030859367456	 0.0000000000000000000000
5	101.9000000006030859367456	 0.0000000000000000000000
6	101.9000000006030859367456	 0.0000000000000000000000
7	101.9000000006030859367456	 0.0000000000000000000000
8	101.9000000006030859367456	 0.0000000000000000000000
9	101.9000000006030859367456	 0.1199685823138188223158
10	101.9000000006030859367456	 0.2847223436152008235744
11	101.9000000006030859367456	 0.2919518799024993782609
12	101.9000000006030859367456	 0.6059793153936924303693
13	101.9000000006030859367456	 0.5268222367893835578201
14	101.9000000006030859367456	 0.7960743888918924149323
15	101.9000000006030859367456	 0.7944790003531827515815
16	101.9000000006030859367456	 0.7575723825178927173241
17	101.9000000006030859367456	 0.6758522634307264631559
18	101.9000000006030859367456	 0.7678698387901561339675
19	101.9000000006030859367456	 0.7221286586854798184021
20	101.9000000006030859367456	 0.7862100397875505519707
21	101.9000000006030859367456	 0.7829834612129169535422
22	101.9000000006030859367456	 0.7466858331370811452388
23	101.9000000006030859367456	 0.7816092691378406787095
24	101.9000000006030859367456	 0.7339331253360181772649
25	101.9000000006030859367456	 0.6942378997677767227259
26	101.9000000006030859367456	 0.6966805272421077166456
27	101.9000000006030859367456	 0.7970779735087574202623
28	101.9000000006030859367456	 0.7298598018398410047780
29	101.9000000006030859367456	 0.7511615686508068545635
0	102.0000000006348273018375	 0.0000000000000000000000
1	102.0000000006348273018375	 0.0000000000000000000000
2	102.0000000006348273018375	 0.0000000000000000000000
3	102.0000000006348273018375	 0.0000000000000000000000
4	102.0000000006348273018375	 0.0000000000000000000000
5	102.0000000006348273018375	 0.0000000000000000000000
6	102.0000000006348273018375	 0.0000000000000000000000
7	102.0000000006348273018375	 0.0000000000000000000000
8	102.0000000006348273018375	 0.0000000000000000000000
9	102.0000000006348273018375	 0.1599532324233377822420
10	102.0000000006348273018375	 0.2018938024507306860933
11	102.0000000006348273018375	 0.3821258011367784646062
12	102.0000000006348273018375	 0.2837731127655916951724
13	102.0000000006348273018375	 0.4473572027416543028799
14	102.0000000006348273018375	 0.5761091480508366835522
15	102.0000000006348273018375	 0.7539116010764671527156
16	102.0000000006348273018375	 0.7218964914176726477280
17	102.0000000006348273018375	 0.6509729678140087072435
18	102.0000000006348273018375	 0.7279323660985862476380
19	102.0000000006348273018375	 0.6935526269665207577120
20	102.0000000006348273018375	 0.7484201509253995965310
21	102.0000000006348273018375	 0.7467105166315753939088
22	102.0000000006348273018375	 0.7154810081659860321324
23	102.0000000006348273018375	 0.7435746280242795380744
24	102.0000000006348273018375	 0.7011943285938196934737
25	102.0000000006348273018375	 0.6634413910344286735565
26	102.0000000006348273018375	 0.6685054232663985018803
27	102.0000000006348273018375	 0.7554017409351785339311
28	102.0000000006348273018375	 0.7002146560244422168751
29	102.0000000006348273018375	 0.7162872409106791904421
0	102.1000000006665686669294	 0.0000000000000000000000
1	102.1000000006665686669294	 0.0000000000000000000000
2	102.1000000006665686669294	 0.0000000000000000000000
3	102.1000000006665686669294	 0.0000000000000000000000
4	102.1000000006665686669294	 0.0000000000000000000000
5	102.1000000006665686669294	 0.0000000000000000000000
6	102.1000000006665686669294	 0.0000000000000000000000
7	102.1000000006665686669294	 0.0000000000000000000000
8	102.1000000006665686669294	 0.0849064733725444775736
9	102.1000000006665686669294	 0.0508401478902986425634
10	102.1000000006665686669294	 0.1883167172323872984308
11	102.1000000006665686669294	 0.2879159041973290422689
12	102.1000000006665686669294	 0.3916759239050617846800
13	102.1000000006665686669294	 0.6111147954879708743547
14	102.1000000006665686669294	 0.6603023944762933528096
15	102.1000000006665686669294	 0.7061000946450524118347
16	102.1000000006665686669294	 0.6795131970062451287617
17	102.1000000006665686669294	 0.6203612151860731227515
18	102.1000000006665686669294	 0.6811319027545229554121
19	102.1000000006665686669294	 0.6587321724419407109608
20	102.1000000006665686669294	 0.7036346921983621660601
21	102.1000000006665686669294	 0.7034957396609460289483
22	102.1000000006665686669294	 0.6777763116387677255759
23	102.1000000006665686669294	 0.6985706116300679502373
24	102.1000000006665686669294	 0.6620155185857234947377
25	102.1000000006665686669294	 0.6266517594967270232686
26	102.1000000006665686669294	 0.6343273786569123551260
27	102.1000000006665686669294	 0.7065324024975170313922
28	102.1000000006665686669294	 0.6642333337830895745313
29	102.1000000006665686669294	 0.6747999472737370441067
0	102.2000000006983100320213	 0.0000000000000000000000
1	102.2000000006983100320213	 0.0000000000000000000000
2	102.2000000006983100320213	 0.0000000000000000000000
3	102.2000000006983100320213	 0.0000000000000000000000
4	102.2000000006983100320213	 0.0000000000000000000000
5	102.2000000006983100320213	 0.0000000000000000000000
6	102.2000000006983100320213	 0.0000000000000000000000
7	102.2000000006983100320213	 0.0121292464394211329387
8	102.2000000006983100320213	 0.1598058730638453328599
9	102.2000000006983100320213	 0.3096159219291015896047
10	102.2000000006983100320213	 0.4089042104274084876714
11	102.2000000006983100320213	 0.3451295729958256952585
12	102.2000000006983100320213	 0.5332104609119702187670
13	102.2000000006983100320213	 0.4668783904861790734486
14	102.2000000006983100320213	 0.6283572402492766384441
15	102.2000000006983100320213	 0.6517495273211928452639
16	102.2000000006983100320213	 0.6309669666735231441379
17	102.2000000006983100320213	 0.5843599136448686115486
18	102.2000000006983100320213	 0.6281073590768060377343
19	102.2000000006983100320213	 0.6180693388569653556885
20	102.2000000006983100320213	 0.6524346387222943466355
21	102.2000000006983100320213	 0.6538869320753843972227
22	102.2000000006983100320213	 0.6340239850167751489707
23	102.2000000006983100320213	 0.6471843347873130758430
24	102.2000000006983100320213	 0.6168856165844156524969
25	102.2000000006983100320213	 0.5843386223174090732257
26	102.2000000006983100320213	 0.5945511747754297360302
27	102.2000000006983100320213	 0.6511303714931367947472
28	102.2000000006983100320213	 0.6223380308299782948112
29	102.2000000006983100320213	 0.6272320874767250975523
0	102.3000000007300513971131	 0.0000000000000000000000
1	102.3000000007300513971131	 0.0000000000000000000000
2	102.3000000007300513971131	 0.0000000000000000000000
3	102.3000000007300513971131	 0.0000000000000000000000
4	102.3000000007300513971131	 0.0000000000000000000000
5	102.3000000007300513971131	 0.0000000000000000000000
6	102.3000000007300513971131	 0.0000000000000000000000
7	102.3000000007300513971131	 0.0600366574688189352793
8	102.3000000007300513971131	 0.0714282580838398878376
9	102.3000000007300513971131	 0.3089417376848138108159
10	102.3000000007300513971131	 0.2383402824166769295999
11	102.3000000007300513971131	 0.4270192764142975994091
12	102.3000000007300513971131	 0.3606018678616088046773
13	102.3000000007300513971131	 0.5383448224753616395688
14	102.3000000007300513971131	 0.4908471196443541240129
15	102.3000000007300513971131	 0.5915968664812657484831
16	102.3000000007300513971131	 0.5768750955222002874123
17	102.3000000007300513971131	 0.5433698674214290091911
18	102.3000000007300513971131	 0.5695742639510751326171
19	102.3000000007300513971131	 0.5720309506312802882988
20	102.3000000007300513971131	 0.5954772461034505415256
21	102.3000000007300513971131	 0.5985069269623584098383
22	102.3000000007300513971131	 0.5847442679321964709160
23	102.3000000007300513971131	 0.5900794000403926098386
24	102.3000000007300513971131	 0.5663625898694345517370
25	102.3000000007300513971131	 0.5370346236371003056931
26	102.3000000007300513971131	 0.5496440273983718149964
27	102.3000000007300513971131	 0.5899370481538568355973
28	102.3000000007300513971131	 0.5750170721123414319109
29	102.3000000007300513971131	 0.5741872720074748803754
0	102.4000000007617927622050	 0.0000000000000000000000
1	102.4000000007617927622050	 0.0000000000000000000000
2	102.4000000007617927622050	 0.0000000000000000000000
3	102.4000000007617927622050	 0.0000000000000000000000
4	102.4000000007617927622050	 0.0000000000000000000000
5	102.4000000007617927622050	 0.0000000000000000000000
6	102.4000000007617927622050	 0.0000000000000000000000
7	102.4000000007617927622050	 0.0537622855042963129768
8	102.4000000007617927622050	 0.1821868870694869912974
9	102.4000000007617927622050	 0.0268447563471353248254
10	102.4000000007617927622050	 0.2491430289074418047424
11	102.4000000007617927622050	 0.1456987945947793572365
12	102.4000000007617927622050	 0.3500687055355416466007
13	102.4000000007617927622050	 0.3804960268217938978985
14	102.4000000007617927622050	 0.4589101443769747490364
15	102.4000000007617927622050	 0.5264016967023303905648
16	102.4000000007617927622050	 0.5179251059938938528404
17	102.4000000007617927622050	 0.4978492838829990385641
18	102.4000000007617927622050	 0.5063208634107064787244
19	102.4000000007617927622050	 0.5211476855668114582798
20	102.4000000007617927622050	 0.5334930017811809754846
21	102.4000000007617927622050	 0.5380509837094815672742
22	102.4000000007617927622050	 0.5305238064332465919293
23	102.4000000007617927622050	 0.5279928100819368808061
24	102.4000000007617927622050	 0.5110713995511478868750
25	102.4000000007617927622050	 0.4853330884907740006007
26	102.4000000007617927622050	 0.5001344103599889567846
27	102.4000000007617927622050	 0.5237710136253016512953
28	102.4000000007617927622050	 0.5228237460637916722561
29	102.4000000007617927622050	 0.5163376485744977095749
0	102.5000000007935341272969	 0.0000000000000000000000
1	102.5000000007935341272969	 0.0000000000000000000000
2	102.5000000007935341272969	 0.0000000000000000000000
3	102.5000000007935341272969	 0.0000000000000000000000
4	102.5000000007935341272969	 0.0000000000000000000000
5	102.5000000007935341272969	 0.0000000000000000000000
6	102.5000000007935341272969	 0.0000000000000000000000
7	102.5000000007935341272969	 0.0614110959537449915824
8	102.5000000007935341272969	 0.0382808247218273459134
9	102.5000000007935341272969	 0.1364012203810967271966
10	102.5000000007935341272969	 0.1122870571205955569916
11	102.5000000007935341272969	 0.3134248139482275763434
12	102.5000000007935341272969	 0.2799051124909098242632
13	102.5000000007935341272969	 0.3175621973960816579741
14	102.5000000007935341272969	 0.3928381925559782938961
15	102.5000000007935341272969	 0.4569708815008289848336
16	102.5000000007935341272969	 0.4548727411882629301232
17	102.5000000007935341272969	 0.4483135313328689419698
18	102.5000000007935341272969	 0.4392052377453721234701
19	102.5000000007935341272969	 0.4660135158228562723970
20	102.5000000007935341272969	 0.4672833888826035675379
21	102.5000000007935341272969	 0.4732848943761172044731
22	102.5000000007935341272969	 0.4720145244126466299583
23	102.5000000007935341272969	 0.4617327252334557097235
24	102.5000000007935341272969	 0.4517025073075578989190
25	102.5000000007935341272969	 0.4298861475965797818155
26	102.5000000007935341272969	 0.4466112418418674012699
27	102.5000000007935341272969	 0.4535253623249123622330
28	102.5000000007935341272969	 0.4663755508139562078185
29	102.5000000007935341272969	 0.4544218866799631384445
0	102.6000000008252754923888	 0.0000000000000000000000
1	102.6000000008252754923888	 0.0000000000000000000000
2	102.6000000008252754923888	 0.0000000000000000000000
3	102.6000000008252754923888	 0.0000000000000000000000
4	102.6000000008252754923888	 0.0000000000000000000000
5	102.6000000008252754923888	 0.0000000000000000000000
6	102.6000000008252754923888	 0.0000000000000000000000
7	102.6000000008252754923888	 0.0876593822363319202795
8	102.6000000008252754923888	 0.1276668346680132348769
9	102.6000000008252754923888	 0.1366539644370827477626
10	102.6000000008252754923888	 0.1984400161072261969952
11	102.6000000008252754923888	 0.3257038404705518419568
12	102.6000000008252754923888	 0.2961673243301800595439
13	102.6000000008252754923888	 0.2606782075669412668262
14	102.6000000008252754923888	 0.3336155651970041380316
15	102.6000000008252754923888	 0.3842425581166094561425
16	102.6000000008252754923888	 0.3885415102723971947363
17	102.6000000008252754923888	 0.3953355452221232191334
18	102.6000000008252754923888	 0.3691546235164224754044
19	102.6000000008252754923888	 0.4072860525999105196782
20	102.6000000008252754923888	 0.3977204603332891719170
21	102.6000000008252754923888	 0.4050447020155159005839
22	102.6000000008252754923888	 0.4099335943634990764295
23	102.6000000008252754923888	 0.3921780943562220844711
24	102.6000000008252754923888	 0.3890116708377081566894
25	102.6000000008252754923888	 0.3714039524306809170184
26	102.6000000008252754923888	 0.3897239542039938053897
27	102.6000000008252754923888	 0.3801674982806145242087
28	102.6000000008252754923888	 0.4063544321783600921094
29	102.6000000008252754923888	 0.3892446496321572135813
0	102.7000000008570168574806	 0.0000000000000000000000
1	102.7000000008570168574806	 0.0000000000000000000000
2	102.7000000008570168574806	 0.0000000000000000000000
3	102.7000000008570168574806	 0.0000000000000000000000
4	102.7000000008570168574806	 0.0000000000000000000000
5	102.7000000008570168574806	 0.0000000000000000000000
6	102.7000000008570168574806	 0.0000000000000000000000
7	102.7000000008570168574806	 0.0980176602746302555458
8	102.7000000008570168574806	 0.1387607084710798521776
9	102.7000000008570168574806	 0.0127576212037086317991
10	102.7000000008570168574806	 0.1982855245086604933924
11	102.7000000008570168574806	 0.1703251516131101539475
12	102.7000000008570168574806	 0.2838857329529280160152
13	102.7000000008570168574806	 0.2734580729418290001576
14	102.7000000008570168574806	 0.2868131173325964011767
15	102.7000000008570168574806	 0.3092494634361142580303
16	102.7000000008570168574806	 0.3198255215104330306808
17	102.7000000008570168574806	 0.3395475399120404524922
18	102.7000000008570168574806	 0.2971690749801623177007
19	102.7000000008570168574806	 0.3456887013033934086259
20	102.7000000008570168574806	 0.3257499939774874953002
21	102.7000000008570168574806	 0.3342396163196357239400
22	102.7000000008570168574806	 0.3450655932773045164730
23	102.7000000008570168574806	 0.3202819909619922800204
24	102.7000000008570168574806	 0.3238222852183008648730
25	102.7000000008570168574806	 0.3106560158886515488064
26	102.7000000008570168574806	 0.3301843208863517453722
27	102.7000000008570168574806	 0.3047438263288474447066
28	102.7000000008570168574806	 0.3435089996038332982309
29	102.7000000008570168574806	 0.3216789935490758089998
0	102.8000000008887582225725	 0.0000000000000000000000
1	102.8000000008887582225725	 0.0000000000000000000000
2	102.8000000008887582225725	 0.0000000000000000000000
3	102.8000000008887582225725	 0.0000000000000000000000
4	102.8000000008887582225725	 0.0000000000000000000000
5	102.8000000008887582225725	 0.0000000000000000000000
6	102.8000000008887582225725	 0.0000000000000000000000
7	102.8000000008887582225725	 0.0288618021882338440798
8	102.8000000008887582225725	 0.0000000000000000000000
9	102.8000000008887582225725	 0.1352896299024812787337
10	102.8000000008887582225725	 0.0096765913192152965688
11	102.8000000008887582225725	 0.1536008960599204165032
12	102.8000000008887582225725	 0.0709432961374356629847
13	102.8000000008887582225725	 0.1844977961684172163004
14	102.8000000008887582225725	 0.1418229144407219810553
15	102.8000000008887582225725	 0.2331089555171176885828
16	102.8000000008887582225725	 0.2496984862683705452824
17	102.8000000008887582225725	 0.2816451686308342194920
18	102.8000000008887582225725	 0.2243336635770489806418
19	102.8000000008887582225725	 0.2820162559011111791385
20	102.8000000008887582225725	 0.2524016409553802575694
21	102.8000000008887582225725	 0.2618611443089877144352
22	102.8000000008887582225725	 0.2782688235976474300237
23	102.8000000008887582225725	 0.2470822001385246935445
24	102.8000000008887582225725	 0.2570325943753004604986
25	102.8000000008887582225725	 0.2484765315545206798564
26	102.8000000008887582225725	 0.2687715949060597298015
27	102.8000000008887582225725	 0.2283942274361007440664
28	102.8000000008887582225725	 0.2786605044374422801567
29	102.8000000008887582225725	 0.2526743900637363759998
0	102.9000000009204995876644	 0.0000000000000000000000
1	102.9000000009204995876644	 0.0000000000000000000000
2	102.9000000009204995876644	 0.0000000000000000000000
3	102.9000000009204995876644	 0.0000000000000000000000
4	102.9000000009204995876644	 0.0000000000000000000000
5	102.9000000009204995876644	 0.0000000000000000000000
6	102.9000000009204995876644	 0.0000000000000000000000
7	102.9000000009204995876644	 0.0025783200818240209137
8	102.9000000009204995876644	 0.0000000000000000000000
9	102.9000000009204995876644	 0.0161775800537714842253
10	102.9000000009204995876644	 0.0520372152212999969367
11	102.9000000009204995876644	 0.0035773537843758799158
12	102.9000000009204995876644	 0.1893653863163688166882
13	102.9000000009204995876644	 0.0689109324127587102859
14	102.9000000009204995876644	 0.1618143641306635793775
15	102.9000000009204995876644	 0.1569991029801110216102
16	102.9000000009204995876644	 0.1792349804277663938290
17	102.9000000009204995876644	 0.2223962417533430768746
18	102.9000000009204995876644	 0.1518484067149169502997
19	102.9000000009204995876644	 0.2171470727274158185605
20	102.9000000009204995876644	 0.1788133244272551436449
21	102.9000000009204995876644	 0.1890047442668705557356
22	102.9000000009204995876644	 0.2104897047760367068125
23	102.9000000009204995876644	 0.1737266400474917205088
24	102.9000000009204995876644	 0.1896324460674127521109
25	102.9000000009204995876644	 0.1857772607591061386767
26	102.9000000009204995876644	 0.2063439273067088908231
27	102.9000000009204995876644	 0.1523873242632456659340
28	102.9000000009204995876644	 0.2127160577605233804377
29	102.9000000009204995876644	 0.1832759015694729598511
0	103.0000000009522409527563	 0.0000000000000000000000
1	103.0000000009522409527563	 0.0000000000000000000000
2	103.0000000009522409527563	 0.0000000000000000000000
3	103.0000000009522409527563	 0.0000000000000000000000
4	103.0000000009522409527563	 0.0000000000000000000000
5	103.0000000009522409527563	 0.0000000000000000000000
6	103.0000000009522409527563	 0.0016364652029573325057
7	103.0000000009522409527563	 0.0325518518349368762843
8	103.0000000009522409527563	 0.0408378472766548136774
9	103.0000000009522409527563	 0.0749133104572473340621
10	103.0000000009522409527563	 0.0218190055399145564630
11	103.0000000009522409527563	 0.0531734238534756903372
12	103.0000000009522409527563	 0.0352362925665997070435
13	103.0000000009522409527563	 0.1043708820122661445895
14	103.0000000009522409527563	 0.0287393988760737718879
15	103.0000000009522409527563	 0.0824062295658717774982
16	103.0000000009522409527563	 0.1096583697094043324816
17	103.0000000009522409527563	 0.1626582013339496202153
18	103.0000000009522409527563	 0.0810990103045847454677
19	103.0000000009522409527563	 0.1520684373964344138219
20	103.0000000009522409527563	 0.1062873894525915574594
21	103.0000000009522409527563	 0.1169188521407320269230
22	103.0000000009522409527563	 0.1427937303223560661092
23	103.0000000009522409527563	 0.1015320471378755723402
24	103.0000000009522409527563	 0.1227400251988002566339
25	103.0000000009522409527563	 0.1235756354495087389056
26	103.0000000009522409527563	 0.1438622470789875928965
27	103.0000000009522409527563	 0.0782052564221575458037
28	103.0000000009522409527563	 0.1466965202130869339037
29	103.0000000009522409527563	 0.1146671972766610120287
0	103.1000000009839823178481	 0.0000000000000000000000
1	103.1000000009839823178481	 0.0000000000000000000000
2	103.1000000009839823178481	 0.0000000000000000000000
3	103.1000000009839823178481	 0.0000000000000000000000
4	103.1000000009839823178481	 0.0000000000000000000000
5	103.1000000009839823178481	 0.0000000000000000000000
6	103.1000000009839823178481	 0.0000000000000000000000
7	103.1000000009839823178481	 0.0000000000000000000000
8	103.1000000009839823178481	 0.0458212029891286315442
9	103.1000000009839823178481	 0.0243339215353980189982
10	103.1000000009839823178481	 0.0407747764946438384648
11	103.1000000009839823178481	 0.0448471126180733925537
12	103.1000000009839823178481	 0.0325257742939904850865
13	103.1000000009839823178481	 0.0575665961636279283065
14	103.1000000009839823178481	 0.0018813613321359379076
15	103.1000000009839823178481	 0.0112221209668250214431
16	103.1000000009839823178481	 0.0424551357459186443077
17	103.1000000009839823178481	 0.1034135358684661470940
18	103.1000000009839823178481	 0.0138388182920187400443
19	103.1000000009839823178481	 0.0879307532165908151134
20	103.1000000009839823178481	 0.0364287182524987915300
21	103.1000000009839823178481	 0.0471223932048256341498
22	103.1000000009839823178481	 0.0764339999417386062319
23	103.1000000009839823178481	 0.0321293986112022172952
24	103.1000000009839823178481	 0.0576853407467264531205
25	103.1000000009839823178481	 0.0630564937491259608349
26	103.1000000009839823178481	 0.0824409976776613040439
27	103.1000000009839823178481	 0.0077708418689060978005
28	103.1000000009839823178481	 0.0817969937466710150797
29	103.1000000009839823178481	 0.0482712857090142194449
0	103.2000000010157236829400	 0.0000000000000000000000
1	103.2000000010157236829400	 0.0000000000000000000000
2	103.2000000010157236829400	 0.0000000000000000000000
3	103.2000000010157236829400	 0.0000000000000000000000
4	103.2000000010157236829400	 0.0000000000000000000000
5	103.2000000010157236829400	 0.0000000000000000000000
6	103.2000000010157236829400	 0.0001221718774656297443
7	103.2000000010157236829400	 0.0000000000000000000000
8	103.2000000010157236829400	 0.0098087522521107580603
9	103.2000000010157236829400	 0.0027245386759663565469
10	103.2000000010157236829400	 0.0290337046521189773296
11	103.2000000010157236829400	 0.0000000000000000000000
12	103.2000000010157236829400	 0.0000000000000000000000
13	103.2000000010157236829400	 0.0000000000000000000000
14	103.2000000010157236829400	 0.0000000000000000000000
15	103.2000000010157236829400	 0.0000000000000000000000
16	103.2000000010157236829400	 0.0000000000000000000000
17	103.2000000010157236829400	 0.0458565241543717957984
18	103.2000000010157236829400	 0.0000000000000000000000
19	103.2000000010157236829400	 0.0261856213719398600581
20	103.2000000010157236829400	 0.0000000000000000000000
21	103.2000000010157236829400	 0.0000000000000000000000
22	103.2000000010157236829400	 0.0130230227910042711814
23	103.2000000010157236829400	 0.0000000000000000000000
24	103.2000000010157236829400	 0.0000000000000000000000
25	103.2000000010157236829400	 0.0057199792760681154521
26	103.2000000010157236829400	 0.0234795818116001510367
27	103.2000000010157236829400	 0.0000000000000000000000
28	103.2000000010157236829400	 0.0195461904740889848286
29	103.2000000010157236829400	 0.0000000000000000000000
0	103.3000000010474650480319	 0.0000000000000000000000
1	103.3000000010474650480319	 0.0000000000000000000000
2	103.3000000010474650480319	 0.0000000000000000000000
3	103.3000000010474650480319	 0.0000000000000000000000
4	103.3000000010474650480319	 0.0000000000000000000000
5	103.3000000010474650480319	 0.0000000000000000000000
6	103.3000000010474650480319	 0.0000000000000000000000
7	103.3000000010474650480319	 0.0000000000000000000000
8	103.3000000010474650480319	 0.0000000000000000000000
9	103.3000000010474650480319	 0.0000000000000000000000
10	103.3000000010474650480319	 0.0000000000000000000000
11	103.3000000010474650480319	 0.0000000000000000000000
12	103.3000000010474650480319	 0.0000000000000000000000
13	103.3000000010474650480319	 0.0000000000000000000000
14	103.3000000010474650480319	 0.0000000000000000000000
15	103.3000000010474650480319	 0.0000000000000000000000
16	103.3000000010474650480319	 0.0000000000000000000000
17	103.3000000010474650480319	 0.0000000000000000000000
18	103.3000000010474650480319	 0.0000000000000000000000
19	103.3000000010474650480319	 0.0000000000000000000000
20	103.3000000010474650480319	 0.0000000000000000000000
21	103.3000000010474650480319	 0.0000000000000000000000
22	103.3000000010474650480319	 0.0000000000000000000000
23	103.3000000010474650480319	 0.0000000000000000000000
24	103.3000000010474650480319	 0.0000000000000000000000
25	103.3000000010474650480319	 0.0000000000000000000000
26	103.3000000010474650480319	 0.0000000000000000000000
27	103.3000000010474650480319	 0.0000000000000000000000
28	103.3000000010474650480319	 0.0000000000000000000000
29	103.3000000010474650480319	 0.0000000000000000000000
0	103.4000000010792064131238	 0.0000000000000000000000
1	103.4000000010792064131238	 0.0000000000000000000000
2	103.4000000010792064131238	 0.0000000000000000000000
3	103.4000000010792064131238	 0.0000000000000000000000
4	103.4000000010792064131238	 0.0000000000000000000000
5	103.4000000010792064131238	 0.0000000000000000000000
6	103.4000000010792064131238	 0.0000000000000000000000
7	103.4000000010792064131238	 0.0000000000000000000000
8	103.4000000010792064131238	 0.0000000000000000000000
9	103.4000000010792064131238	 0.0000000000000000000000
10	103.4000000010792064131238	 0.0000000000000000000000
11	103.4000000010792064131238	 0.0000000000000000000000
12	103.4000000010792064131238	 0.0000000000000000000000
13	103.4000000010792064131238	 0.0000000000000000000000
14	103.4000000010792064131238	 0.0000000000000000000000
15	103.4000000010792064131238	 0.0000000000000000000000
16	103.4000000010792064131238	 0.0000000000000000000000
17	103.4000000010792064131238	 0.0000000000000000000000
18	103.4000000010792064131238	 0.0000000000000000000000
19	103.4000000010792064131238	 0.0000000000000000000000
20	103.4000000010792064131238	 0.0000000000000000000000
21	103.4000000010792064131238	 0.0000000000000000000000
22	103.4000000010792064131238	 0.0000000000000000000000
23	103.4000000010792064131238	 0.0000000000000000000000
24	103.4000000010792064131238	 0.0000000000000000000000
25	103.4000000010792064131238	 0.0000000000000000000000
26	103.4000000010792064131238	 0.0000000000000000000000
27	103.4000000010792064131238	 0.0000000000000000000000
28	103.4000000010792064131238	 0.0000000000000000000000
29	103.4000000010792064131238	 0.0000000000000000000000
0	103.5000000011109477782156	 0.0000000000000000000000
1	103.5000000011109477782156	 0.0000000000000000000000
2	103.5000000011109477782156	 0.0000000000000000000000
3	103.5000000011109477782156	 0.0000000000000000000000
4	103.5000000011109477782156	 0.0000000000000000000000
5	103.5000000011109477782156	 0.0000000000000000000000
6	103.5000000011109477782156	 0.0000000000000000000000
7	103.5000000011109477782156	 0.0000000000000000000000
8	103.5000000011109477782156	 0.0000000000000000000000
9	103.5000000011109477782156	 0.0000000000000000000000
10	103.5000000011109477782156	 0.0000000000000000000000
11	103.5000000011109477782156	 0.0000000000000000000000
12	103.5000000011109477782156	 0.0000000000000000000000
13	103.5000000011109477782156	 0.0000000000000000000000
14	103.5000000011109477782156	 0.0000000000000000000000
15	103.5000000011109477782156	 0.0000000000000000000000
16	103.5000000011109477782156	 0.0000000000000000000000
17	103.5000000011109477782156	 0.0000000000000000000000
18	103.5000000011109477782156	 0.0000000000000000000000
19	103.5000000011109477782156	 0.0000000000000000000000
20	103.5000000011109477782156	 0.0000000000000000000000
21	103.5000000011109477782156	 0.0000000000000000000000
22	103.5000000011109477782156	 0.0000000000000000000000
23	103.5000000011109477782156	 0.0000000000000000000000
24	103.5000000011109477782156	 0.0000000000000000000000
25	103.5000000011109477782156	 0.0000000000000000000000
26	103.5000000011109477782156	 0.0000000000000000000000
27	103.5000000011109477782156	 0.0000000000000000000000
28	103.5000000011109477782156	 0.0000000000000000000000
29	103.5000000011109477782156	 0.0000000000000000000000
0	103.6000000011426891433075	 0.0000000000000000000000
1	103.6000000011426891433075	 0.0000000000000000000000
2	103.6000000011426891433075	 0.0000000000000000000000
3	103.6000000011426891433075	 0.0000000000000000000000
4	103.6000000011426891433075	 0.0000000000000000000000
5	103.6000000011426891433075	 0.0000000000000000000000
6	103.6000000011426891433075	 0.0000000000000000000000
7	103.6000000011426891433075	 0.0000000000000000000000
8	103.6000000011426891433075	 0.0000000000000000000000
9	103.6000000011426891433075	 0.0000000000000000000000
10	103.6000000011426891433075	 0.0000000000000000000000
11	103.6000000011426891433075	 0.0000000000000000000000
12	103.6000000011426891433075	 0.0000000000000000000000
13	103.6000000011426891433075	 0.0000000000000000000000
14	103.6000000011426891433075	 0.0000000000000000000000
15	103.6000000011426891433075	 0.0000000000000000000000
16	103.6000000011426891433075	 0.0000000000000000000000
17	103.6000000011426891433075	 0.0000000000000000000000
18	103.6000000011426891433075	 0.0000000000000000000000
19	103.6000000011426891433075	 0.0000000000000000000000
20	103.6000000011426891433075	 0.0000000000000000000000
21	103.6000000011426891433075	 0.0000000000000000000000
22	103.6000000011426891433075	 0.0000000000000000000000
23	103.6000000011426891433075	 0.0000000000000000000000
24	103.6000000011426891433075	 0.0000000000000000000000
25	103.6000000011426891433075	 0.0000000000000000000000
26	103.6000000011426891433075	 0.0000000000000000000000
27	103.6000000011426891433075	 0.0000000000000000000000
28	103.6000000011426891433075	 0.0000000000000000000000
29	103.6000000011426891433075	 0.0000000000000000000000
0	103.7000000011744305083994	 0.0000000000000000000000
1	103.7000000011744305083994	 0.0000000000000000000000
2	103.7000000011744305083994	 0.0000000000000000000000
3	103.7000000011744305083994	 0.0000000000000000000000
4	103.7000000011744305083994	 0.0000000000000000000000
5	103.7000000011744305083994	 0.0000000000000000000000
6	103.7000000011744305083994	 0.0000000000000000000000
7	103.7000000011744305083994	 0.0000000000000000000000
8	103.7000000011744305083994	 0.0000000000000000000000
9	103.7000000011744305083994	 0.0000000000000000000000
10	103.7000000011744305083994	 0.0000000000000000000000
11	103.7000000011744305083994	 0.0000000000000000000000
12	103.7000000011744305083994	 0.0000000000000000000000
13	103.7000000011744305083994	 0.0000000000000000000000
14	103.7000000011744305083994	 0.0000000000000000000000
15	103.7000000011744305083994	 0.0000000000000000000000
16	103.7000000011744305083994	 0.0000000000000000000000
17	103.7000000011744305083994	 0.0000000000000000000000
18	103.7000000011744305083994	 0.0000000000000000000000
19	103.7000000011744305083994	 0.0000000000000000000000
20	103.7000000011744305083994	 0.0000000000000000000000
21	103.7000000011744305083994	 0.0000000000000000000000
22	103.7000000011744305083994	 0.0000000000000000000000
23	103.7000000011744305083994	 0.0000000000000000000000
24	103.7000000011744305083994	 0.0000000000000000000000
25	103.7000000011744305083994	 0.0000000000000000000000
26	103.7000000011744305083994	 0.0000000000000000000000
27	103.7000000011744305083994	 0.0000000000000000000000
28	103.7000000011744305083994	 0.0000000000000000000000
29	103.7000000011744305083994	 0.0000000000000000000000
0	103.8000000012061718734913	 0.0000000000000000000000
1	103.8000000012061718734913	 0.0000000000000000000000
2	103.8000000012061718734913	 0.0000000000000000000000
3	103.8000000012061718734913	 0.0000000000000000000000
4	103.8000000012061718734913	 0.0000000000000000000000
5	103.8000000012061718734913	 0.0000000000000000000000
6	103.8000000012061718734913	 0.0000000000000000000000
7	103.8000000012061718734913	 0.0000000000000000000000
8	103.8000000012061718734913	 0.0000000000000000000000
9	103.8000000012061718734913	 0.0000000000000000000000
10	103.8000000012061718734913	 0.0000000000000000000000
11	103.8000000012061718734913	 0.0000000000000000000000
12	103.8000000012061718734913	 0.0000000000000000000000
13	103.8000000012061718734913	 0.0000000000000000000000
14	103.8000000012061718734913	 0.0000000000000000000000
15	103.8000000012061718734913	 0.0000000000000000000000
16	103.8000000012061718734913	 0.0000000000000000000000
17	103.8000000012061718734913	 0.0000000000000000000000
18	103.8000000012061718734913	 0.0000000000000000000000
19	103.8000000012061718734913	 0.0000000000000000000000
20	103.8000000012061718734913	 0.0000000000000000000000
21	103.8000000012061718734913	 0.0000000000000000000000
22	103.8000000012061718734913	 0.0000000000000000000000
23	103.8000000012061718734913	 0.0000000000000000000000
24	103.8000000012061718734913	 0.0000000000000000000000
25	103.8000000012061718734913	 0.0000000000000000000000
26	103.8000000012061718734913	 0.0000000000000000000000
27	103.8000000012061718734913	 0.0000000000000000000000
28	103.8000000012061718734913	 0.0000000000000000000000
29	103.8000000012061718734913	 0.0000000000000000000000
0	103.9000000012379132385831	 0.0000000000000000000000
1	103.9000000012379132385831	 0.0000000000000000000000
2	103.9000000012379132385831	 0.0000000000000000000000
3	103.9000000012379132385831	 0.0000000000000000000000
4	103.9000000012379132385831	 0.0000000000000000000000
5	103.9000000012379132385831	 0.0000000000000000000000
6	103.9000000012379132385831	 0.0000000000000000000000
7	103.9000000012379132385831	 0.0000000000000000000000
8	103.9000000012379132385831	 0.0000000000000000000000
9	103.9000000012379132385831	 0.0000000000000000000000
10	103.9000000012379132385831	 0.0000000000000000000000
11	103.9000000012379132385831	 0.0000000000000000000000
12	103.9000000012379132385831	 0.0000000000000000000000
13	103.9000000012379132385831	 0.0000000000000000000000
14	103.9000000012379132385831	 0.0000000000000000000000
15	103.9000000012379132385831	 0.0000000000000000000000
16	103.9000000012379132385831	 0.0000000000000000000000
17	103.9000000012379132385831	 0.0000000000000000000000
18	103.9000000012379132385831	 0.0000000000000000000000
19	103.9000000012379132385831	 0.0000000000000000000000
20	103.9000000012379132385831	 0.0000000000000000000000
21	103.9000000012379132385831	 0.0000000000000000000000
22	103.9000000012379132385831	 0.0000000000000000000000
23	103.9000000012379132385831	 0.0000000000000000000000
24	103.9000000012379132385831	 0.0000000000000000000000
25	103.9000000012379132385831	 0.0000000000000000000000
26	103.9000000012379132385831	 0.0000000000000000000000
27	103.9000000012379132385831	 0.0000000000000000000000
28	103.9000000012379132385831	 0.0000000000000000000000
29	103.9000000012379132385831	 0.0000000000000000000000
0	104.0000000012696546036750	 0.0000000000000000000000
1	104.0000000012696546036750	 0.0000000000000000000000
2	104.0000000012696546036750	 0.0000000000000000000000
3	104.0000000012696546036750	 0.0000000000000000000000
4	104.0000000012696546036750	 0.0000000000000000000000
5	104.0000000012696546036750	 0.0000000000000000000000
6	104.0000000012696546036750	 0.0000000000000000000000
7	104.000000001269654