0	100.1000000000317413650919	 0.3174883281594503836587
1	100.1000000000317413650919	 0.7723949581366279515393
2	100.1000000000317413650919	 1.2316581693802231001200
3	100.1000000000317413650919	 1.6188354564753733022542
4	100.1000000000317413650919	 1.9439645874292461602550
5	100.1000000000317413650919	 2.3359497255453898212352
6	100.1000000000317413650919	 2.8583099325548544378250
7	100.1000000000317413650919	 3.5474101398063586643161
8	100.1000000000317413650919	 4.0099919858187602628163
9	100.1000000000317413650919	 4.5639722851991342267297
10	100.1000000000317413650919	 4.9697054546557275500618
11	100.1000000000317413650919	 5.2889463040773252444637
12	100.1000000000317413650919	 5.8025438524332040302056
13	100.1000000000317413650919	 6.1713098443124039249597
14	100.1000000000317413650919	 6.2256696281713255203272
15	100.1000000000317413650919	 6.2646536706099826830041
16	100.1000000000317413650919	 6.7940164784054690727544
17	100.1000000000317413650919	 7.4643804220942895355506
18	100.1000000000317413650919	 7.4730927186988900245979
19	100.1000000000317413650919	 7.8558327237650891206044
20	100.1000000000317413650919	 7.9233262663350982890620
21	100.1000000000317413650919	 8.3407328262347899539009
22	100.1000000000317413650919	 9.0271471651773591560186
23	100.1000000000317413650919	 9.6165526036340960303050
24	100.1000000000317413650919	10.5465734119491560960569
25	100.1000000000317413650919	11.3925108740428484566110
26	100.1000000000317413650919	11.9193268488916057634697
27	100.1000000000317413650919	12.0122649785828237156693
28	100.1000000000317413650919	12.6654030557008621116211
29	100.1000000000317413650919	13.0817165469643619246654
0	100.2000000000634827301838	 0.7054190275182884439786
1	100.2000000000634827301838	 1.3388228586335122471951
2	100.2000000000634827301838	 2.1493496574468657911439
3	100.2000000000634827301838	 2.6739451445664594864127
4	100.2000000000634827301838	 3.2241247889324462505556
5	100.2000000000634827301838	 3.7017062939443188263056
6	100.2000000000634827301838	 4.2649247756626813554703
7	100.2000000000634827301838	 4.8056106541186709435465
8	100.2000000000634827301838	 4.9757507247985159892778
9	100.2000000000634827301838	 5.1919615421138232136400
10	100.2000000000634827301838	 5.4948545020888870382691
11	100.2000000000634827301838	 5.8084050646822351637866
12	100.2000000000634827301838	 6.1449330364255834169285
13	100.2000000000634827301838	 6.1827943955997461955576
14	100.2000000000634827301838	 6.2262761708680178784903
15	100.2000000000634827301838	 6.2801175597603871025854
16	100.2000000000634827301838	 6.8084831328226469437936
17	100.2000000000634827301838	 7.4765442255965224305214
18	100.2000000000634827301838	 7.4882294839020158150333
19	100.2000000000634827301838	 7.8689892826642191536735
20	100.2000000000634827301838	 7.9383933009234173283630
21	100.2000000000634827301838	 8.3555671514168174951465
22	100.2000000000634827301838	 9.0409299703083050303576
23	100.2000000000634827301838	 9.6315929632679484484470
24	100.2000000000634827301838	10.5603935682617233737801
25	100.2000000000634827301838	11.4056568407191036840231
26	100.2000000000634827301838	11.9321434399211039334432
27	100.2000000000634827301838	12.0279371022567911353462
28	100.2000000000634827301838	12.6787846067340925770850
29	100.2000000000634827301838	13.0960185403059767850209
0	100.3000000000952240952756	 2.1339615562942539916946
1	100.3000000000952240952756	 2.6589386780595165582497
2	100.3000000000952240952756	 2.9354680150724377085680
3	100.3000000000952240952756	 3.4089941423131380204836
4	100.3000000000952240952756	 3.7194935679801743866335
5	100.3000000000952240952756	 4.1876796821429680406368
6	100.3000000000952240952756	 4.6912540926954475750676
7	100.3000000000952240952756	 5.0125266562125796454552
8	100.3000000000952240952756	 5.3850016051936195893290
9	100.3000000000952240952756	 5.7092737825058890166474
10	100.3000000000952240952756	 6.0367406967178398602414
11	100.3000000000952240952756	 6.1736793333328376931490
12	100.3000000000952240952756	 6.1711217809259144573275
13	100.3000000000952240952756	 6.2055561462060424560150
14	100.3000000000952240952756	 6.2614898102172675820043
15	100.3000000000952240952756	 6.3051714107686080978965
16	100.3000000000952240952756	 6.8319121196992487199395
17	100.3000000000952240952756	 7.4962204738921522917394
18	100.3000000000952240952756	 7.5127479354104726994024
19	100.3000000000952240952756	 7.8902856375654328857649
20	100.3000000000952240952756	 7.9628036638099146671266
21	100.3000000000952240952756	 8.3795992632081706119607
22	100.3000000000952240952756	 9.0632474600484904669884
23	100.3000000000952240952756	 9.6559589038335325028584
24	100.3000000000952240952756	10.5827683396575586982635
25	100.3000000000952240952756	11.4269281470488728302826
26	100.3000000000952240952756	11.9528822653258650632324
27	100.3000000000952240952756	12.0533322213697093872042
28	100.3000000000952240952756	12.7004475245978749597953
29	100.3000000000952240952756	13.1191787884990205270697
0	100.4000000001269654603675	 2.8322028890779953336221
1	100.4000000001269654603675	 3.2528187540611375183630
2	100.4000000001269654603675	 3.6945384357303518996218
3	100.4000000001269654603675	 4.0510002008397529849049
4	100.4000000001269654603675	 4.4523702517161920511057
5	100.4000000001269654603675	 4.6983701103389172715197
6	100.4000000001269654603675	 4.9552499899498645419271
7	100.4000000001269654603675	 5.1289599546523856332669
8	100.4000000001269654603675	 5.4075400104851158999963
9	100.4000000001269654603675	 5.7242999972291137567026
10	100.4000000001269654603675	 6.0367406967178398602414
11	100.4000000001269654603675	 6.1736793333328376931490
12	100.4000000001269654603675	 6.2417562903849344024820
13	100.4000000001269654603675	 6.2999648741513247784951
14	100.4000000001269654603675	 6.3491596320018794941120
15	100.4000000001269654603675	 6.3393167069504512411982
16	100.4000000001269654603675	 6.8638088004053914303881
17	100.4000000001269654603675	 7.5229889414679282921838
18	100.4000000001269654603675	 7.5461269167550462100280
19	100.4000000001269654603675	 7.9192736177251159546131
20	100.4000000001269654603675	 7.9960465723525748771294
21	100.4000000001269654603675	 8.4123277488964252057713
22	100.4000000001269654603675	 9.0936319632226130238450
23	100.4000000001269654603675	 9.6891391828146815612399
24	100.4000000001269654603675	10.6132236586136592393359
25	100.4000000001269654603675	11.4558657881523604515905
26	100.4000000001269654603675	11.9811009558440506594934
27	100.4000000001269654603675	12.0879166724610342953383
28	100.4000000001269654603675	12.7299362542628120564814
29	100.4000000001269654603675	13.1507076033481791199620
0	100.5000000001587068254594	 2.9040582719699332692187
1	100.5000000001587068254594	 3.3810234071853551007791
2	100.5000000001587068254594	 3.7930046871199865066160
3	100.5000000001587068254594	 4.2026284639360591555146
4	100.5000000001587068254594	 4.5578515481913992601903
5	100.5000000001587068254594	 4.8667906946703896053918
6	100.5000000001587068254594	 5.1573565164676198335769
7	100.5000000001587068254594	 5.4623926247022271951437
8	100.5000000001587068254594	 5.7270896638884316587337
9	100.5000000001587068254594	 5.9570218943030104341574
10	100.5000000001587068254594	 6.0555632096662055374736
11	100.5000000001587068254594	 6.1736793333328376931490
12	100.5000000001587068254594	 6.2417562903849344024820
13	100.5000000001587068254594	 6.2999648741513247784951
14	100.5000000001587068254594	 6.3491596320018794941120
15	100.5000000001587068254594	 6.3820774609403194688184
16	100.5000000001587068254594	 6.9036603947812409387552
17	100.5000000001587068254594	 7.5564264082210659267957
18	100.5000000001587068254594	 7.5878205511046674658360
19	100.5000000001587068254594	 7.9554972173477809249675
20	100.5000000001587068254594	 8.0375898278905690830243
21	100.5000000001587068254594	 8.4532321102129284184912
22	100.5000000001587068254594	 9.1316040570748864269035
23	100.5000000001587068254594	 9.7306008716844001327217
24	100.5000000001587068254594	10.6512716441924482069226
25	100.5000000001587068254594	11.4919991819198905602661
26	100.5000000001587068254594	12.0163497236656180433556
27	100.5000000001587068254594	12.1311297029537854541559
28	100.5000000001587068254594	12.7667858848298525487053
29	100.5000000001587068254594	13.1900981385432256587364
0	100.6000000001904481905513	 2.9104837305975936878610
1	100.6000000001904481905513	 3.3810234071853551007791
2	100.6000000001904481905513	 3.7930266559831786743473
3	100.6000000001904481905513	 4.2026284639360591555146
4	100.6000000001904481905513	 4.5578515481913992601903
5	100.6000000001904481905513	 4.8859436177098496401072
6	100.6000000001904481905513	 5.1918398446925051459289
7	100.6000000001904481905513	 5.4653728652565147783093
8	100.6000000001904481905513	 5.7270896638884316587337
9	100.6000000001904481905513	 5.9570218943030104341574
10	100.6000000001904481905513	 6.0922496878661602792704
11	100.6000000001904481905513	 6.1736793333328376931490
12	100.6000000001904481905513	 6.2417562903849344024820
13	100.6000000001904481905513	 6.3023630755668609282338
14	100.6000000001904481905513	 6.3701095325038954442221
15	100.6000000001904481905513	 6.4328183510110887866063
16	100.6000000001904481905513	 6.9509165944352542254592
17	100.6000000001904481905513	 7.5960886819687738480411
18	100.6000000001904481905513	 7.6372386242252128241148
19	100.6000000001904481905513	 7.9984737153057832159675
20	100.6000000001904481905513	 8.0868598906123718705885
21	100.6000000001904481905513	 8.5017528708762508671271
22	100.6000000001904481905513	 9.1766532729557344083560
23	100.6000000001904481905513	 9.7797694902039769004887
24	100.6000000001904481905513	10.6963914812362492767761
25	100.6000000001904481905513	11.5348277885682346521889
26	100.6000000001904481905513	12.0581529325670064878295
27	100.6000000001904481905513	12.1823633946114675552508
28	100.6000000001904481905513	12.8105031270512128571681
29	100.6000000001904481905513	13.2368070121398453409256
0	100.7000000002221895556431	 2.9104837305975936878610
1	100.7000000002221895556431	 3.3810234071853551007791
2	100.7000000002221895556431	 3.7930266559831786743473
3	100.7000000002221895556431	 4.2026284639360591555146
4	100.7000000002221895556431	 4.5578515481913992601903
5	100.7000000002221895556431	 4.8859436177098496401072
6	100.7000000002221895556431	 5.1918398446925051459289
7	100.7000000002221895556431	 5.4653728652565147783093
8	100.7000000002221895556431	 5.7270896638884316587337
9	100.7000000002221895556431	 5.9570218943030104341574
10	100.7000000002221895556431	 6.0922496878661602792704
11	100.7000000002221895556431	 6.1736793333328376931490
12	100.7000000002221895556431	 6.2521814732431266747881
13	100.7000000002221895556431	 6.3325189670716337531076
14	100.7000000002221895556431	 6.4105644110345583186472
15	100.7000000002221895556431	 6.4908480821443959030148
16	100.7000000002221895556431	 7.0049824707953245450653
17	100.7000000002221895556431	 7.6415031110957816196105
18	100.7000000002221895556431	 7.6937400090815692976776
19	100.7000000002221895556431	 8.0476861174704996670926
20	100.7000000002221895556431	 8.1432348708879302989772
21	100.7000000002221895556431	 8.5572843972405969736883
22	100.7000000002221895556431	 9.2282306534661593389046
23	100.7000000002221895556431	 9.8360220458528822007338
24	100.7000000002221895556431	10.7480222227435344706237
25	100.7000000002221895556431	11.5838141442145428072763
26	100.7000000002221895556431	12.1060017402992627921776
27	100.7000000002221895556431	12.2409560067607436906201
28	100.7000000002221895556431	12.8605588071098750901911
29	100.7000000002221895556431	13.2902472567912006695678
0	100.8000000002539309207350	 2.9104837305975936878610
1	100.8000000002539309207350	 3.3810234071853551007791
2	100.8000000002539309207350	 3.7930266559831786743473
3	100.8000000002539309207350	 4.2026284639360591555146
4	100.8000000002539309207350	 4.5578515481913992601903
5	100.8000000002539309207350	 4.8859436177098496401072
6	100.8000000002539309207350	 5.1918398446925051459289
7	100.8000000002539309207350	 5.4653728652565147783093
8	100.8000000002539309207350	 5.7270896638884316587337
9	100.8000000002539309207350	 5.9570218943030104341574
10	100.8000000002539309207350	 6.0922496878661602792704
11	100.8000000002539309207350	 6.1845908917560858952811
12	100.8000000002539309207350	 6.2760654560863295969853
13	100.8000000002539309207350	 6.3694646995121448895816
14	100.8000000002539309207350	 6.4600346859964457024716
15	100.8000000002539309207350	 6.5554552001628518809184
16	100.8000000002539309207350	 7.0652171198055677692196
17	100.8000000002539309207350	 7.6921659894772735910351
18	100.8000000002539309207350	 7.7566321455128122153155
19	100.8000000002539309207350	 8.1025808451261536191623
20	100.8000000002539309207350	 8.2060434874469763144589
21	100.8000000002539309207350	 8.6191735864158136593005
22	100.8000000002539309207350	 9.2857467902553150196354
23	100.8000000002539309207350	 9.8986860397729472538231
24	100.8000000002539309207350	10.8055611243727920367519
25	100.8000000002539309207350	11.6383822264644667399125
26	100.8000000002539309207350	12.1593518955944475123943
27	100.8000000002539309207350	12.3061915270961694801599
28	100.8000000002539309207350	12.9163856934220770966704
29	100.8000000002539309207350	13.3497869851712778199726
0	100.9000000002856722858269	 2.9104837305975936878610
1	100.9000000002856722858269	 3.3810234071853551007791
2	100.9000000002856722858269	 3.7930266559831786743473
3	100.9000000002856722858269	 4.2026284639360591555146
4	100.9000000002856722858269	 4.5578515481913992601903
5	100.9000000002856722858269	 4.8859436177098496401072
6	100.9000000002856722858269	 5.1918398446925051459289
7	100.9000000002856722858269	 5.4653728652565147783093
8	100.9000000002856722858269	 5.7270896638884316587337
9	100.9000000002856722858269	 5.9570218943030104341574
10	100.9000000002856722858269	 6.0922496878661602792704
11	100.9000000002856722858269	 6.1990946123588557270523
12	100.9000000002856722858269	 6.3101091159798992080709
13	100.9000000002856722858269	 6.4134558691011980258168
14	100.9000000002856722858269	 6.5208423799502055473454
15	100.9000000002856722858269	 6.6258851672326191106777
16	100.9000000002856722858269	 7.1309355596005357114109
17	100.9000000002856722858269	 7.7475426450508884101964
18	100.9000000002856722858269	 7.8251738947890379094474
19	100.9000000002856722858269	 8.1625683024508663976349
20	100.9000000002856722858269	 8.2745673313621690425634
21	100.9000000002856722858269	 8.6867217972488486310567
22	100.9000000002856722858269	 9.3485728762131365954247
23	100.9000000002856722858269	 9.9670417811003240160517
24	100.9000000002856722858269	10.8683650346374065520649
25	100.9000000002856722858269	11.6979187725634776739980
26	100.9000000002856722858269	12.2176243722302313443606
27	100.9000000002856722858269	12.3773026796606746557927
28	100.9000000002856722858269	12.9773792532850471559414
29	100.9000000002856722858269	13.4147512189410598182349
0	101.0000000003174136509188	 2.9104837305975936878610
1	101.0000000003174136509188	 3.3810234071853551007791
2	101.0000000003174136509188	 3.7930266559831786743473
3	101.0000000003174136509188	 4.2026284639360591555146
4	101.0000000003174136509188	 4.5578515481913992601903
5	101.0000000003174136509188	 4.8859436177098496401072
6	101.0000000003174136509188	 5.1918398446925051459289
7	101.0000000003174136509188	 5.4653728652565147783093
8	101.0000000003174136509188	 5.7270896638884316587337
9	101.0000000003174136509188	 5.9570218943030104341574
10	101.0000000003174136509188	 6.0922496878661602792704
11	101.0000000003174136509188	 6.2126185675567962007904
12	101.0000000003174136509188	 6.3328453387765284432476
13	101.0000000003174136509188	 6.4571159541818214933073
14	101.0000000003174136509188	 6.5779377655392456958339
15	101.0000000003174136509188	 6.7013422634174126812923
16	101.0000000003174136509188	 7.2014126480796694096398
17	101.0000000003174136509188	 7.8070691834821301924308
18	101.0000000003174136509188	 7.8985805226965739578304
19	101.0000000003174136509188	 8.2270252271546766564825
20	101.0000000003174136509188	 8.3480452049123918811802
21	101.0000000003174136509188	 8.7591888116571077205208
22	101.0000000003174136509188	 9.4160436311814770249384
23	101.0000000003174136509188	10.0403267793541122188117
24	101.0000000003174136509188	10.9357536919322324564519
25	101.0000000003174136509188	11.7617764382667751021927
26	101.0000000003174136509188	12.2802077622841459003666
27	101.0000000003174136509188	12.4534761158876712272559
28	101.0000000003174136509188	13.0429002269716445283620
29	101.0000000003174136509188	13.4844256973308205260764
0	101.1000000003491550160106	 2.9104837305975936878610
1	101.1000000003491550160106	 3.3810234071853551007791
2	101.1000000003491550160106	 3.7930266559831786743473
3	101.1000000003491550160106	 4.2026284639360591555146
4	101.1000000003491550160106	 4.5578515481913992601903
5	101.1000000003491550160106	 4.8859436177098496401072
6	101.1000000003491550160106	 5.1918398446925051459289
7	101.1000000003491550160106	 5.4653728652565147783093
8	101.1000000003491550160106	 5.7270896638884316587337
9	101.1000000003491550160106	 5.9570218943030104341574
10	101.1000000003491550160106	 6.0928145802934325914180
11	101.1000000003491550160106	 6.2312400507289478213124
12	101.1000000003491550160106	 6.3692964477890008367922
13	101.1000000003491550160106	 6.5083684927461860070252
14	101.1000000003491550160106	 6.6450870593430764188270
15	101.1000000003491550160106	 6.7809863193312986950900
16	101.1000000003491550160106	 7.2758883696113532124627
17	101.1000000003491550160106	 7.8701553457798567592363
18	101.1000000003491550160106	 7.9760301383512635098327
19	101.1000000003491550160106	 8.2952982476479828477522
20	101.1000000003491550160106	 8.4256788774124284913114
21	101.1000000003491550160106	 8.8357981809506949133493
22	101.1000000003491550160106	 9.4874614981729585849735
23	101.1000000003491550160106	10.1177415566885589015556
24	101.1000000003491550160106	11.0070143177423105385060
25	101.1000000003491550160106	11.8292782026786351678993
26	101.1000000003491550160106	12.3464618587521730574963
27	101.1000000003491550160106	12.5338591026875807443730
28	101.1000000003491550160106	13.1122784328988970514729
29	101.1000000003491550160106	13.5580620331733960881593
0	101.2000000003808963811025	 2.9104837305975936878610
1	101.2000000003808963811025	 3.3810234071853551007791
2	101.2000000003808963811025	 3.7930266559831786743473
3	101.2000000003808963811025	 4.2026284639360591555146
4	101.2000000003808963811025	 4.5578515481913992601903
5	101.2000000003808963811025	 4.8859436177098496401072
6	101.2000000003808963811025	 5.1918398446925051459289
7	101.2000000003808963811025	 5.4653728652565147783093
8	101.2000000003808963811025	 5.7270896638884316587337
9	101.2000000003808963811025	 5.9570218943030104341574
10	101.2000000003808963811025	 6.1068841088473719835861
11	101.2000000003808963811025	 6.2565451605123323375324
12	101.2000000003808963811025	 6.4081146221445663968552
13	101.2000000003808963811025	 6.5562400367369537690365
14	101.2000000003808963811025	 6.7113230904344183258559
15	101.2000000003808963811025	 6.8639509763210062587291
16	101.2000000003808963811025	 7.3535740961471844912012
17	101.2000000003808963811025	 7.9361881651276950933038
18	101.2000000003808963811025	 8.0566711755002966555139
19	101.2000000003808963811025	 8.3667083092882954531433
20	101.2000000003808963811025	 8.5066398598789092488914
21	101.2000000003808963811025	 8.9157435694411795168435
22	101.2000000003808963811025	 9.5621017535018388855406
23	101.2000000003808963811025	10.1984564812103393194320
24	101.2000000003808963811025	11.0814071416806019243495
25	101.2000000003808963811025	11.8997226620406095776161
26	101.2000000003808963811025	12.4157220922082327518865
27	101.2000000003808963811025	12.6175672868810622162528
28	101.2000000003808963811025	13.1848174592906666191539
29	101.2000000003808963811025	13.6348838357180941471825
0	101.3000000004126377461944	 2.9104837305975936878610
1	101.3000000004126377461944	 3.3810234071853551007791
2	101.3000000004126377461944	 3.7930266559831786743473
3	101.3000000004126377461944	 4.2026284639360591555146
4	101.3000000004126377461944	 4.5578515481913992601903
5	101.3000000004126377461944	 4.8859436177098496401072
6	101.3000000004126377461944	 5.1918398446925051459289
7	101.3000000004126377461944	 5.4653728652565147783093
8	101.3000000004126377461944	 5.7270896638884316587337
9	101.3000000004126377461944	 5.9570218943030104341574
10	101.3000000004126377461944	 6.1237870597916277404238
11	101.3000000004126377461944	 6.2922816714472045163120
12	101.3000000004126377461944	 6.4555083224169296229888
13	101.3000000004126377461944	 6.6221937793660412552299
14	101.3000000004126377461944	 6.7845164714594012878024
15	101.3000000004126377461944	 6.9493459331483693475207
16	101.3000000004126377461944	 7.4336595763239019518664
17	101.3000000004126377461944	 8.0045362228349805633343
18	101.3000000004126377461944	 8.1396306316961606341920
19	101.3000000004126377461944	 8.4405557524957970372270
20	101.3000000004126377461944	 8.5900769293279317651013
21	101.3000000004126377461944	 8.9981958357084259603198
22	101.3000000004126377461944	 9.6392182975988429660674
23	101.3000000004126377461944	10.2816193512793283559859
24	101.3000000004126377461944	11.1581716171526430514405
25	101.3000000004126377461944	11.9723899748292090805535
26	101.3000000004126377461944	12.4873046042941382438585
27	101.3000000004126377461944	12.7036932463916567570550
28	101.3000000004126377461944	13.2598000191224461019601
29	101.3000000004126377461944	13.7140935449214378394345
0	101.4000000004443791112863	 2.9104837305975936878610
1	101.4000000004443791112863	 3.3810234071853551007791
2	101.4000000004443791112863	 3.7930266559831786743473
3	101.4000000004443791112863	 4.2026284639360591555146
4	101.4000000004443791112863	 4.5578515481913992601903
5	101.4000000004443791112863	 4.8859436177098496401072
6	101.4000000004443791112863	 5.1918398446925051459289
7	101.4000000004443791112863	 5.4653728652565147783093
8	101.4000000004443791112863	 5.7270896638884316587337
9	101.4000000004443791112863	 5.9570218943030104341574
10	101.4000000004443791112863	 6.1352945131636378306439
11	101.4000000004443791112863	 6.3129170257099058716221
12	101.4000000004443791112863	 6.4956032987328660155413
13	101.4000000004443791112863	 6.6764535639906297248558
14	101.4000000004443791112863	 6.8564961941860209648780
15	101.4000000004443791112863	 7.0362732819633704295370
16	101.4000000004443791112863	 7.5153204598549381287853
17	101.4000000004443791112863	 8.0745543653530695848985
18	101.4000000004443791112863	 8.2240228493754976568653
19	101.4000000004443791112863	 8.5161258902033765139095
20	101.4000000004443791112863	 8.6751242022775496565146
21	101.4000000004443791112863	 9.0823106602648273621980
22	101.4000000004443791112863	 9.7180499594652172135056
23	101.4000000004443791112863	10.3663635293804112791349
24	101.4000000004443791112863	11.2365331524816269848088
25	101.4000000004443791112863	12.0465482848555680561731
26	101.4000000004443791112863	12.5605118044916750363882
27	101.4000000004443791112863	12.7913156083807884044745
28	101.4000000004443791112863	13.3364938103527084223288
29	101.4000000004443791112863	13.7948797890323415771263
0	101.5000000004761204763781	 2.9104837305975936878610
1	101.5000000004761204763781	 3.3810234071853551007791
2	101.5000000004761204763781	 3.7930266559831786743473
3	101.5000000004761204763781	 4.2026284639360591555146
4	101.5000000004761204763781	 4.5578515481913992601903
5	101.5000000004761204763781	 4.8859436177098496401072
6	101.5000000004761204763781	 5.1918398446925051459289
7	101.5000000004761204763781	 5.4653728652565147783093
8	101.5000000004761204763781	 5.7270896638884316587337
9	101.5000000004761204763781	 5.9570218943030104341574
10	101.5000000004761204763781	 6.1504833557216356254571
11	101.5000000004761204763781	 6.3438219089051308685612
12	101.5000000004761204763781	 6.5392137877964069403447
13	101.5000000004761204763781	 6.7333293438130574770639
14	101.5000000004761204763781	 6.9286768111758432198144
15	101.5000000004761204763781	 7.1238220170299575428885
16	101.5000000004761204763781	 7.5977262101560203433337
17	101.5000000004761204763781	 8.1455887797493833346607
18	101.5000000004761204763781	 8.3089586622328308607166
19	101.5000000004761204763781	 8.5926949688961542506149
20	101.5000000004761204763781	 8.7609095962613068309111
21	101.5000000004761204763781	 9.1672365672714200002247
22	101.5000000004761204763781	 9.7978271854102967353128
23	101.5000000004761204763781	10.4518164633233414662072
24	101.5000000004761204763781	11.3157102199784667106996
25	101.5000000004761204763781	12.1214604859991545993125
26	101.5000000004761204763781	12.6346382929572573772248
27	101.5000000004761204763781	12.8795085543749632250865
28	101.5000000004761204763781	13.4141577605535999850872
29	101.5000000004761204763781	13.8764251156335323145186
0	101.6000000005078618414700	 2.9104837305975936878610
1	101.6000000005078618414700	 3.3810234071853551007791
2	101.6000000005078618414700	 3.7930266559831786743473
3	101.6000000005078618414700	 4.2026284639360591555146
4	101.6000000005078618414700	 4.5578515481913992601903
5	101.6000000005078618414700	 4.8859436177098496401072
6	101.6000000005078618414700	 5.1918398446925051459289
7	101.6000000005078618414700	 5.4653728652565147783093
8	101.6000000005078618414700	 5.7270896638884316587337
9	101.6000000005078618414700	 5.9570218943030104341574
10	101.6000000005078618414700	 6.1672860410928613816850
11	101.6000000005078618414700	 6.3802103442048885284521
12	101.6000000005078618414700	 6.5863391908396469176523
13	101.6000000005078618414700	 6.7954760344179767628248
14	101.6000000005078618414700	 7.0026170946855250676322
15	101.6000000005078618414700	 7.2110868605145057586014
16	101.6000000005078618414700	 7.6800482579689992590488
17	101.6000000005078618414700	 8.2169823462971365302110
18	101.6000000005078618414700	 8.3935547548312836596551
19	101.6000000005078618414700	 8.6695364195609876389881
20	101.6000000005078618414700	 8.8465635422638229101722
21	101.6000000005078618414700	 9.2521232117150002949302
22	101.6000000005078618414700	 9.8777790054976239986217
23	101.6000000005078618414700	10.5371084566220805101011
24	101.6000000005078618414700	11.3949217283316688309469
25	101.6000000005078618414700	12.1963912149065851764362
26	101.6000000005078618414700	12.7089770541219770905172
27	101.6000000005078618414700	12.9673515572028268394433
28	101.6000000005078618414700	13.4920485573773785148433
29	101.6000000005078618414700	13.9579139698122620671938
0	101.7000000005396032065619	 2.9104837305975936878610
1	101.7000000005396032065619	 3.3810234071853551007791
2	101.7000000005396032065619	 3.7930266559831786743473
3	101.7000000005396032065619	 4.2026284639360591555146
4	101.7000000005396032065619	 4.5578515481913992601903
5	101.7000000005396032065619	 4.8859436177098496401072
6	101.7000000005396032065619	 5.1918398446925051459289
7	101.7000000005396032065619	 5.4653728652565147783093
8	101.7000000005396032065619	 5.7270896638884316587337
9	101.7000000005396032065619	 5.9570218943030104341574
10	101.7000000005396032065619	 6.1781348319904445531847
11	101.7000000005396032065619	 6.3993141419218337873076
12	101.7000000005396032065619	 6.6250148108705362304249
13	101.7000000005396032065619	 6.8470555474911831694840
14	101.7000000005396032065619	 7.0734513917366061974690
15	101.7000000005396032065619	 7.2971781819660028745034
16	101.7000000005396032065619	 7.7614682966848844714036
17	101.7000000005396032065619	 8.2880802002755267210432
18	101.7000000005396032065619	 8.4769431005040534188311
19	101.7000000005396032065619	 8.7459273189375466017736
20	101.7000000005396032065619	 8.9312278273260048422344
21	101.7000000005396032065619	 9.3361298193161186276257
22	101.7000000005396032065619	 9.9571401859413750656813
23	101.7000000005396032065619	10.6213815662540493889310
24	101.7000000005396032065619	11.4733945587800612031515
25	101.7000000005396032065619	12.2706139731638224077415
26	101.7000000005396032065619	12.7828258398678507035129
27	101.7000000005396032065619	13.0539392117662771397590
28	101.7000000005396032065619	13.5694273806391176862007
29	101.7000000005396032065619	14.0385408089211249915707
0	101.8000000005713445716538	 2.9104837305975936878610
1	101.8000000005713445716538	 3.3810234071853551007791
2	101.8000000005713445716538	 3.7930266559831786743473
3	101.8000000005713445716538	 4.2026284639360591555146
4	101.8000000005713445716538	 4.5578515481913992601903
5	101.8000000005713445716538	 4.8859436177098496401072
6	101.8000000005713445716538	 5.1918398446925051459289
7	101.8000000005713445716538	 5.4653728652565147783093
8	101.8000000005713445716538	 5.7270896638884316587337
9	101.8000000005713445716538	 5.9599017013430684031050
10	101.8000000005713445716538	 6.1941614712569359468830
11	101.8000000005713445716538	 6.4313472535732918444751
12	101.8000000005713445716538	 6.6693947194556644220143
13	101.8000000005713445716538	 6.9090059100632714716994
14	101.8000000005713445716538	 7.1443424255216845253358
15	101.8000000005713445716538	 7.3812218157592068834560
16	101.8000000005713445716538	 7.8411866186198899697501
17	101.8000000005713445716538	 8.3582354442089137336325
18	101.8000000005713445716538	 8.5582803563180274153410
19	101.8000000005713445716538	 8.8211549912250859506457
20	101.8000000005713445716538	 9.0140644591465370893957
21	101.8000000005713445716538	 9.4184336783943880533343
22	101.8000000005713445716538	10.0351584863346783293991
23	101.8000000005713445716538	10.7037985186382993418874
24	101.8000000005713445716538	11.5503711766277650241364
25	101.8000000005713445716538	12.3434182917710941751466
26	101.8000000005713445716538	12.8554936710244813724557
27	101.8000000005713445716538	13.1383910354476594051221
28	101.8000000005713445716538	13.6455667618869345147914
29	101.8000000005713445716538	14.1175182553365896609421
0	101.9000000006030859367456	 2.9104837305975936878610
1	101.9000000006030859367456	 3.3810234071853551007791
2	101.9000000006030859367456	 3.7930266559831786743473
3	101.9000000006030859367456	 4.2026284639360591555146
4	101.9000000006030859367456	 4.5578515481913992601903
5	101.9000000006030859367456	 4.8859436177098496401072
6	101.9000000006030859367456	 5.1918398446925051459289
7	101.9000000006030859367456	 5.4653728652565147783093
8	101.9000000006030859367456	 5.7270896638884316587337
9	101.9000000006030859367456	 5.9767231741666000388591
10	101.9000000006030859367456	 6.2249891466851376975455
11	101.9000000006030859367456	 6.4722795095671132870052
12	101.9000000006030859367456	 6.7189017234986971871535
13	101.9000000006030859367456	 6.9660818508488073774743
14	101.9000000006030859367456	 7.2123922930657986540837
15	101.9000000006030859367456	 7.4623811140536302488613
16	101.9000000006030859367456	 7.9184303894299103987464
17	101.9000000006030859367456	 8.4268149586658172012221
18	101.9000000006030859367456	 8.6367571066532331514054
19	101.9000000006030859367456	 8.8945236880570988091677
20	101.9000000006030859367456	 9.0942644557623850687378
21	101.9000000006030859367456	 9.4982385933658086685227
22	101.9000000006030859367456	10.1111019493283844639109
23	101.9000000006030859367456	10.7835515460232329587598
24	101.9000000006030859367456	11.6251172390518817678640
25	101.9000000006030859367456	12.4141168604130278652065
26	101.9000000006030859367456	12.9263073938366037651804
27	101.9000000006030859367456	13.2198611268441048594013
28	101.9000000006030859367456	13.7197575053975295844566
29	101.9000000006030859367456	14.1940851990777670010857
0	102.0000000006348273018375	 2.9104837305975936878610
1	102.0000000006348273018375	 3.3810234071853551007791
2	102.0000000006348273018375	 3.7930266559831786743473
3	102.0000000006348273018375	 4.2026284639360591555146
4	102.0000000006348273018375	 4.5578515481913992601903
5	102.0000000006348273018375	 4.8859436177098496401072
6	102.0000000006348273018375	 5.1918398446925051459289
7	102.0000000006348273018375	 5.4653728652565147783093
8	102.0000000006348273018375	 5.7270896638884316587337
9	102.0000000006348273018375	 5.9848818048058998186889
10	102.0000000006348273018375	 6.2437144178366308366890
11	102.0000000006348273018375	 6.5031700396189515700485
12	102.0000000006348273018375	 6.7659361760402152441429
13	102.0000000006348273018375	 7.0229920297950343410776
14	102.0000000006348273018375	 7.2825463474790019802185
15	102.0000000006348273018375	 7.5398623911650650697425
16	102.0000000006348273018375	 7.9924617995442615026036
17	102.0000000006348273018375	 8.4932052657285481700455
18	102.0000000006348273018375	 8.7116068605249683542979
19	102.0000000006348273018375	 8.9653612915700371388539
20	102.0000000006348273018375	 9.1710564750073881867820
21	102.0000000006348273018375	 9.5747832201365614679389
22	102.0000000006348273018375	10.1842661587240392861986
23	102.0000000006348273018375	10.8598710572391023987393
24	102.0000000006348273018375	11.6969291293954142929579
25	102.0000000006348273018375	12.4820525534666302291953
26	102.0000000006348273018375	12.9946182353728882930000
27	102.0000000006348273018375	13.2975475853168969564422
28	102.0000000006348273018375	13.7913156120657873771052
29	102.0000000006348273018375	14.2675147726889708366116
0	102.1000000006665686669294	 2.9104837305975936878610
1	102.1000000006665686669294	 3.3810234071853551007791
2	102.1000000006665686669294	 3.7930266559831786743473
3	102.1000000006665686669294	 4.2026284639360591555146
4	102.1000000006665686669294	 4.5578515481913992601903
5	102.1000000006665686669294	 4.8859436177098496401072
6	102.1000000006665686669294	 5.1918398446925051459289
7	102.1000000006665686669294	 5.4653728652565147783093
8	102.1000000006665686669294	 5.7313211475257110905090
9	102.1000000006665686669294	 5.9961636526771107114087
10	102.1000000006665686669294	 6.2614374027859751592473
11	102.1000000006665686669294	 6.5325406802470586953291
12	102.1000000006665686669294	 6.8006451042647801941143
13	102.1000000006665686669294	 7.0726577165162698435097
14	102.1000000006665686669294	 7.3417270817910456059963
15	102.1000000006665686669294	 7.6129209447873380511851
16	102.1000000006665686669294	 8.0625860236867978869668
17	102.1000000006665686669294	 8.5568184054291780427093
18	102.1000000006665686669294	 8.7821147236885970244202
19	102.1000000006665686669294	 9.0330259929498790683056
20	102.1000000006665686669294	 9.2437152118837317971156
21	102.1000000006665686669294	 9.6473492158072104984967
22	102.1000000006665686669294	10.2539814111515266148444
23	102.1000000006665686669294	10.9320340704268943454736
24	102.1000000006665686669294	11.7651413585172210929386
25	102.1000000006665686669294	12.5466052951112736479899
26	102.1000000006665686669294	13.0598083097255877049747
27	102.1000000006665686669294	13.3707016102045255223629
28	102.1000000006665686669294	13.8595891558656969522190
29	102.1000000006665686669294	14.3371221327792088828801
0	102.2000000006983100320213	 2.9104837305975936878610
1	102.2000000006983100320213	 3.3810234071853551007791
2	102.2000000006983100320213	 3.7930266559831786743473
3	102.2000000006983100320213	 4.2026284639360591555146
4	102.2000000006983100320213	 4.5578515481913992601903
5	102.2000000006983100320213	 4.8859436177098496401072
6	102.2000000006983100320213	 5.1918398446925051459289
7	102.2000000006983100320213	 5.4654062496055848541232
8	102.2000000006983100320213	 5.7415394059086102274136
9	102.2000000006983100320213	 6.0153918012069009790821
10	102.2000000006983100320213	 6.2936850515369151537470
11	102.2000000006983100320213	 6.5698650062572614416467
12	102.2000000006983100320213	 6.8479177286323782425370
13	102.2000000006983100320213	 7.1235967143736225182238
14	102.2000000006983100320213	 7.4016536629960292259511
15	102.2000000006983100320213	 7.6808653647042328671546
16	102.2000000006983100320213	 8.1281589267434863899098
17	102.2000000006983100320213	 8.6170977928042855609192
18	102.2000000006983100320213	 8.8476256866352951391264
19	102.2000000006983100320213	 9.0969129081137900527665
20	102.2000000006983100320213	 9.3115695088895993336564
21	102.2000000006983100320213	 9.7152691503648345161537
22	102.2000000006983100320213	10.3196197578347774737040
23	102.2000000006983100320213	10.9993723525893400960740
24	102.2000000006983100320213	11.8291337866730792427461
25	102.2000000006983100320213	12.6071987184889149347100
26	102.2000000006983100320213	13.1212970364261902744829
27	102.2000000006983100320213	13.4386362194536292946623
28	102.2000000006983100320213	13.9239650726595112217865
29	102.2000000006983100320213	14.4022719974980422108501
0	102.3000000007300513971131	 2.9104837305975936878610
1	102.3000000007300513971131	 3.3810234071853551007791
2	102.3000000007300513971131	 3.7930266559831786743473
3	102.3000000007300513971131	 4.2026284639360591555146
4	102.3000000007300513971131	 4.5578515481913992601903
5	102.3000000007300513971131	 4.8859436177098496401072
6	102.3000000007300513971131	 5.1918398446925051459289
7	102.3000000007300513971131	 5.4752230622904392021155
8	102.3000000007300513971131	 5.7571899683035381301011
9	102.3000000007300513971131	 6.0409248638617567550568
10	102.3000000007300513971131	 6.3235130756519097872115
11	102.3000000007300513971131	 6.6100008421492777443973
12	102.3000000007300513971131	 6.8954433453531587261409
13	102.3000000007300513971131	 7.1780891516781544225978
14	102.3000000007300513971131	 7.4605503082390196567530
15	102.3000000007300513971131	 7.7430774347470654461745
16	102.3000000007300513971131	 8.1885944843846445451163
17	102.3000000007300513971131	 8.6735240329177401008565
18	102.3000000007300513971131	 8.9075524964513732584237
19	102.3000000007300513971131	 9.1564606046632661673357
20	102.3000000007300513971131	 9.3740101470548626849677
21	102.3000000007300513971131	 9.7779341485851549720110
22	102.3000000007300513971131	10.3806018880779014068594
23	102.3000000007300513971131	11.0612802340026536995765
24	102.3000000007300513971131	11.8883386366413343893100
25	102.3000000007300513971131	12.6633065901594967783694
26	102.3000000007300513971131	13.1785474452104782727702
27	102.3000000007300513971131	13.5007345558093163617741
28	102.3000000007300513971131	13.9838758347080620580982
29	102.3000000007300513971131	14.4623859090140598482321
0	102.4000000007617927622050	 2.9104837305975936878610
1	102.4000000007617927622050	 3.3810234071853551007791
2	102.4000000007617927622050	 3.7930266559831786743473
3	102.4000000007617927622050	 4.2026284639360591555146
4	102.4000000007617927622050	 4.5578515481913992601903
5	102.4000000007617927622050	 4.8859436177098496401072
6	102.4000000007617927622050	 5.1918398446925051459289
7	102.4000000007617927622050	 5.4810033108797933110168
8	102.4000000007617927622050	 5.7703594549663472790257
9	102.4000000007617927622050	 6.0594445585117604480274
10	102.4000000007617927622050	 6.3485311909924151407836
11	102.4000000007617927622050	 6.6395878281248377206225
12	102.4000000007617927622050	 6.9296707685083314132157
13	102.4000000007617927622050	 7.2195840615611013291186
14	102.4000000007617927622050	 7.5077130060229535502003
15	102.4000000007617927622050	 7.7990164239829624648337
16	102.4000000007617927622050	 8.2433719329696835131926
17	102.4000000007617927622050	 8.7256206849468487263266
18	102.4000000007617927622050	 8.9613831185923942257432
19	102.4000000007617927622050	 9.2111575321309828723315
20	102.4000000007617927622050	 9.4304973177278892393360
21	102.4000000007617927622050	 9.8348012596502432103307
22	102.4000000007617927622050	10.4364038475468721145489
23	102.4000000007617927622050	11.1172220985927800995796
24	102.4000000007617927622050	11.9422472932423744396147
25	102.4000000007617927622050	12.7144589934642695538969
26	102.4000000007617927622050	13.2310723592003380844062
27	102.4000000007617927622050	13.5564577895581166444572
28	102.4000000007617927622050	14.0388060036170934097299
29	102.4000000007617927622050	14.5169492179064256731635
0	102.5000000007935341272969	 2.9104837305975936878610
1	102.5000000007935341272969	 3.3810234071853551007791
2	102.5000000007935341272969	 3.7930266559831786743473
3	102.5000000007935341272969	 4.2026284639360591555146
4	102.5000000007935341272969	 4.5578515481913992601903
5	102.5000000007935341272969	 4.8859436177098496401072
6	102.5000000007935341272969	 5.1918398446925051459289
7	102.5000000007935341272969	 5.4831855154941964158866
8	102.5000000007935341272969	 5.7767158005850953728100
9	102.5000000007935341272969	 6.0696696439144641743724
10	102.5000000007935341272969	 6.3669382072623985635573
11	102.5000000007935341272969	 6.6617350299287423354144
12	102.5000000007935341272969	 6.9596936761285768113794
13	102.5000000007935341272969	 7.2545853186798048284345
14	102.5000000007935341272969	 7.5504764922882730004972
15	102.5000000007935341272969	 7.8482166091100973304151
16	102.5000000007935341272969	 8.2920426848363568694822
17	102.5000000007935341272969	 8.7729599869273542367409
18	102.5000000007935341272969	 9.0086878519928870190370
19	102.5000000007935341272969	 9.2605483744702041803976
20	102.5000000007935341272969	 9.4805678238250994382952
21	102.5000000007935341272969	 9.8854005961314577177745
22	102.5000000007935341272969	10.4865636164546103259454
23	102.5000000007935341272969	11.1667396013281248201565
24	102.5000000007935341272969	11.9904169209202340340426
25	102.5000000007935341272969	12.7602482967980570549571
26	102.5000000007935341272969	13.2784404752150546613620
27	102.5000000007935341272969	13.6053526893462688462932
28	102.5000000007935341272969	14.0882986835858741159200
29	102.5000000007935341272969	14.5655178278180557072119
0	102.6000000008252754923888	 2.9104837305975936878610
1	102.6000000008252754923888	 3.3810234071853551007791
2	102.6000000008252754923888	 3.7930266559831786743473
3	102.6000000008252754923888	 4.2026284639360591555146
4	102.6000000008252754923888	 4.5578515481913992601903
5	102.6000000008252754923888	 4.8859436177098496401072
6	102.6000000008252754923888	 5.1918398446925051459289
7	102.6000000008252754923888	 5.4896115115014820773354
8	102.6000000008252754923888	 5.7868747719361151027329
9	102.6000000008252754923888	 6.0868747438031576280082
10	102.6000000008252754923888	 6.3840408247752877812786
11	102.6000000008252754923888	 6.6867387657781254262090
12	102.6000000008252754923888	 6.9866301483226829205364
13	102.6000000008252754923888	 7.2883897250395275335677
14	102.6000000008252754923888	 7.5891442520387561998518
15	102.6000000008252754923888	 7.8903003082462417339116
16	102.6000000008252754923888	 8.3342371080083452739018
17	102.6000000008252754923888	 8.8151685845352556469834
18	102.6000000008252754923888	 9.0491262533244221089035
19	102.6000000008252754923888	 9.3042403861691891364671
20	102.6000000008252754923888	 9.5238421372576489432049
21	102.6000000008252754923888	 9.9293423545593810786158
22	102.6000000008252754923888	10.5306876231176946845380
23	102.6000000008252754923888	11.2094587439668575967744
24	102.6000000008252754923888	12.0324769886795195361628
25	102.6000000008252754923888	12.8003349823791836570308
26	102.6000000008252754923888	13.3202824014092637838758
27	102.6000000008252754923888	13.6470590350097698006948
28	102.6000000008252754923888	14.1319619427301361724858
29	102.6000000008252754923888	14.6077248041058052052676
0	102.7000000008570168574806	 2.9104837305975936878610
1	102.7000000008570168574806	 3.3810234071853551007791
2	102.7000000008570168574806	 3.7930266559831786743473
3	102.7000000008570168574806	 4.2026284639360591555146
4	102.7000000008570168574806	 4.5578515481913992601903
5	102.7000000008570168574806	 4.8859436177098496401072
6	102.7000000008570168574806	 5.1918398446925051459289
7	102.7000000008570168574806	 5.4936207952882361027491
8	102.7000000008570168574806	 5.7981914680070216761010
9	102.7000000008570168574806	 6.1005874958559731524588
10	102.7000000008570168574806	 6.4058639321333288307869
11	102.7000000008570168574806	 6.7094129013854315601861
12	102.7000000008570168574806	 7.0148125387160806809561
13	102.7000000008570168574806	 7.3181171221314027519611
14	102.7000000008570168574806	 7.6226831860582393574077
15	102.7000000008570168574806	 7.9249889859384312629231
16	102.7000000008570168574806	 8.3696714080497685017690
17	102.7000000008570168574806	 8.8519333587430075738212
18	102.7000000008570168574806	 9.0824541865419501363021
19	102.7000000008570168574806	 9.3419098435431369154003
20	102.7000000008570168574806	 9.5600315731545233433053
21	102.7000000008570168574806	 9.9663239501622591376417
22	102.7000000008570168574806	10.5684573520305260529994
23	102.7000000008570168574806	11.2450970787750375023961
24	102.7000000008570168574806	12.0681358881145559536208
25	102.7000000008570168574806	12.8344534916346511010943
26	102.7000000008570168574806	13.3562967803300516322906
27	102.7000000008570168574806	13.6813172273440315507287
28	102.7000000008570168574806	14.1694753463990750219637
29	102.7000000008570168574806	14.6432870602247078295477
0	102.8000000008887582225725	 2.9104837305975936878610
1	102.8000000008887582225725	 3.3810234071853551007791
2	102.8000000008887582225725	 3.7930266559831786743473
3	102.8000000008887582225725	 4.2026284639360591555146
4	102.8000000008887582225725	 4.5578515481913992601903
5	102.8000000008887582225725	 4.8859436177098496401072
6	102.8000000008887582225725	 5.1918398446925051459289
7	102.8000000008887582225725	 5.4973335406618550891267
8	102.8000000008887582225725	 5.8044535030316710688680
9	102.8000000008887582225725	 6.1111243321165309438925
10	102.8000000008887582225725	 6.4181636298778972360424
11	102.8000000008887582225725	 6.7247956979768961360833
12	102.8000000008887582225725	 7.0306189736595676720299
13	102.8000000008887582225725	 7.3385928768378603237466
14	102.8000000008887582225725	 7.6451972529495995090087
15	102.8000000008887582225725	 7.9521119118061633912475
16	102.8000000008887582225725	 8.3981550684677390705701
17	102.8000000008887582225725	 8.8830075345494865501905
18	102.8000000008887582225725	 9.1085316165414536015987
19	102.8000000008887582225725	 9.3733088653736320594589
20	102.8000000008887582225725	 9.5889460898969840485506
21	102.8000000008887582225725	 9.9961377193247180628077
22	102.8000000008887582225725	10.5996363535651152432138
23	102.8000000008887582225725	11.2734715674108425531585
24	102.8000000008887582225725	12.0971880028131444362316
25	102.8000000008887582225725	12.8624183829449698635017
26	102.8000000008887582225725	13.3862567430099730358961
27	102.8000000008887582225725	13.7079767986311917837838
28	102.8000000008887582225725	14.2005968802649888971246
29	102.8000000008887582225725	14.6720125345090153246019
0	102.9000000009204995876644	 2.9104837305975936878610
1	102.9000000009204995876644	 3.3810234071853551007791
2	102.9000000009204995876644	 3.7930266559831786743473
3	102.9000000009204995876644	 4.2026284639360591555146
4	102.9000000009204995876644	 4.5578515481913992601903
5	102.9000000009204995876644	 4.8859436177098496401072
6	102.9000000009204995876644	 5.1918398446925051459289
7	102.9000000009204995876644	 5.4983193980853855009627
8	102.9000000009204995876644	 5.8057586888135022107349
9	102.9000000009204995876644	 6.1137219098734512101601
10	102.9000000009204995876644	 6.4224331023495295767134
11	102.9000000009204995876644	 6.7326053409230448565381
12	102.9000000009204995876644	 7.0420062359784978411881
13	102.9000000009204995876644	 7.3525734252821717262805
14	102.9000000009204995876644	 7.6624114474341302738480
15	102.9000000009204995876644	 7.9716111236805335948929
16	102.9000000009204995876644	 8.4195997317677075955089
17	102.9000000009204995876644	 8.9082174098418498431329
18	102.9000000009204995876644	 9.1273323967323936045659
19	102.9000000009204995876644	 9.3982730858143366248214
20	102.9000000009204995876644	 9.6105037289025840863133
21	102.9000000009204995876644	10.0186800857571132183921
22	102.9000000009204995876644	10.6240782438252026054215
23	102.9000000009204995876644	11.2945081484361811163808
24	102.9000000009204995876644	12.1195219211630274003255
25	102.9000000009204995876644	12.8841313582452468011752
26	102.9000000009204995876644	13.4100171568914756647928
27	102.9000000009204995876644	13.7270072737579624799764
28	102.9000000009204995876644	14.2251707929844659616947
29	102.9000000009204995876644	14.6938086612518699070051
0	103.0000000009522409527563	 2.9104837305975936878610
1	103.0000000009522409527563	 3.3810234071853551007791
2	103.0000000009522409527563	 3.7930266559831786743473
3	103.0000000009522409527563	 4.2026284639360591555146
4	103.0000000009522409527563	 4.5578515481913992601903
5	103.0000000009522409527563	 4.8859436177098496401072
6	103.0000000009522409527563	 5.1918438967385496241036
7	103.0000000009522409527563	 5.4989991758217424688837
8	103.0000000009522409527563	 5.8075257416925616382741
9	103.0000000009522409527563	 6.1174406766653319778015
10	103.0000000009522409527563	 6.4281457013321681159823
11	103.0000000009522409527563	 6.7379918255190061060489
12	103.0000000009522409527563	 7.0501361213231863445117
13	103.0000000009522409527563	 7.3601866374571374151969
14	103.0000000009522409527563	 7.6726077929031770707979
15	103.0000000009522409527563	 7.9835618994002501835894
16	103.0000000009522409527563	 8.4340313561803093023173
17	103.0000000009522409527563	 8.9274703448899561664120
18	103.0000000009522409527563	 9.1389587893201511548114
19	103.0000000009522409527563	 9.4167311249898038028050
20	103.0000000009522409527563	 9.6247438580100741489787
21	103.0000000009522409527563	10.0339640728995007634694
22	103.0000000009522409527563	10.6417368684255499999836
23	103.0000000009522409527563	11.3082552736303920681848
24	103.0000000009522409527563	12.1351311948453268740877
25	103.0000000009522409527563	12.8995902467935259494425
26	103.0000000009522409527563	13.4275235648910697960901
27	103.0000000009522409527563	13.7385146524655485933408
28	103.0000000009522409527563	14.2431374044421001912042
29	103.0000000009522409527563	14.7086937927704255457684
0	103.1000000009839823178481	 2.9104837305975936878610
1	103.1000000009839823178481	 3.3810234071853551007791
2	103.1000000009839823178481	 3.7930266559831786743473
3	103.1000000009839823178481	 4.2026284639360591555146
4	103.1000000009839823178481	 4.5578515481913992601903
5	103.1000000009839823178481	 4.8859436177098496401072
6	103.1000000009839823178481	 5.1938215036480768205251
7	103.1000000009839823178481	 5.5020720432003438205015
8	103.1000000009839823178481	 5.8109206468406213730304
9	103.1000000009839823178481	 6.1213816680182446816616
10	103.1000000009839823178481	 6.4315996993781361368292
11	103.1000000009839823178481	 6.7434554152310166585949
12	103.1000000009839823178481	 7.0540058449378806315622
13	103.1000000009839823178481	 7.3667637413736999363323
14	103.1000000009839823178481	 7.6771840775929822697776
15	103.1000000009839823178481	 7.9882046265628998682473
16	103.1000000009839823178481	 8.4416099489335163497117
17	103.1000000009839823178481	 8.9407652841898563877976
18	103.1000000009839823178481	 9.1436676185737137956266
19	103.1000000009839823178481	 9.4287178395459303459347
20	103.1000000009839823178481	 9.6318494329959332134194
21	103.1000000009839823178481	10.0421395832754587473801
22	103.1000000009839823178481	10.6526811690736593618567
23	103.1000000009839823178481	11.3149069056847881853400
24	103.1000000009839823178481	12.1441307561989901842026
25	103.1000000009839823178481	12.9089022456380693171241
26	103.1000000009839823178481	13.4388246743108350500506
27	103.1000000009839823178481	13.7427721314627220294824
28	103.1000000009839823178481	14.2545471039202453766848
29	103.1000000009839823178481	14.7168153551367435483144
0	103.2000000010157236829400	 2.9104837305975936878610
1	103.2000000010157236829400	 3.3810234071853551007791
2	103.2000000010157236829400	 3.7930266559831786743473
3	103.2000000010157236829400	 4.2026284639360591555146
4	103.2000000010157236829400	 4.5578515481913992601903
5	103.2000000010157236829400	 4.8859436177098496401072
6	103.2000000010157236829400	 5.1938245141160237494660
7	103.2000000010157236829400	 5.5027382878018507028628
8	103.2000000010157236829400	 5.8127367766526063519450
9	103.2000000010157236829400	 6.1232154117187489461571
10	103.2000000010157236829400	 6.4348341103159274467771
11	103.2000000010157236829400	 6.7458807822297703893355
12	103.2000000010157236829400	 7.0566006271975458830070
13	103.2000000010157236829400	 7.3673928108987469798308
14	103.2000000010157236829400	 7.6779663587752802200725
15	103.2000000010157236829400	 7.9882968594861791800099
16	103.2000000010157236829400	 8.4430104086675701324793
17	103.2000000010157236829400	 8.9482087623663328912471
18	103.2000000010157236829400	 9.1438165124707264652670
19	103.2000000010157236829400	 9.4343962251612722980099
20	103.2000000010157236829400	 9.6328412868790795897667
21	103.2000000010157236829400	10.0437991592251716355122
22	103.2000000010157236829400	10.6571210639823945598437
23	103.2000000010157236829400	11.3156836773065805346050
24	103.2000000010157236829400	12.1467991138764581648957
25	103.2000000010157236829400	12.9123069169293813729382
26	103.2000000010157236829400	13.4440930189799097149717
27	103.2000000010157236829400	13.7428169012146632610438
28	103.2000000010157236829400	14.2595842137090098589169
29	103.2000000010157236829400	14.7186482841551722344775
0	103.3000000010474650480319	 2.9104837305975936878610
1	103.3000000010474650480319	 3.3810234071853551007791
2	103.3000000010474650480319	 3.7930266559831786743473
3	103.3000000010474650480319	 4.2026284639360591555146
4	103.3000000010474650480319	 4.5578515481913992601903
5	103.3000000010474650480319	 4.8859436177098496401072
6	103.3000000010474650480319	 5.1938257815775887848986
7	103.3000000010474650480319	 5.5027382878018507028628
8	103.3000000010474650480319	 5.8127819505712716718904
9	103.3000000010474650480319	 6.1237736956475039562520
10	103.3000000010474650480319	 6.4350079987630151023836
11	103.3000000010474650480319	 6.7458807822297703893355
12	103.3000000010474650480319	 7.0566006271975458830070
13	103.3000000010474650480319	 7.3673928108987469798308
14	103.3000000010474650480319	 7.6779663587752802200725
15	103.3000000010474650480319	 7.9882968594861791800099
16	103.3000000010474650480319	 8.4430104086675701324793
17	103.3000000010474650480319	 8.9501148400379797465121
18	103.3000000010474650480319	 9.1438165124707264652670
19	103.3000000010474650480319	 9.4349753448434281466461
20	103.3000000010474650480319	 9.6328412868790795897667
21	103.3000000010474650480319	10.0437991592251716355122
22	103.3000000010474650480319	10.6572604808547186650003
23	103.3000000010474650480319	11.3156836773065805346050
24	103.3000000010474650480319	12.1467991138764581648957
25	103.3000000010474650480319	12.9123367064013940819223
26	103.3000000010474650480319	13.4445810968441268329343
27	103.3000000010474650480319	13.7428169012146632610438
28	103.3000000010474650480319	14.2599042493376568785379
29	103.3000000010474650480319	14.7186482841551722344775
0	103.4000000010792064131238	 2.9104837305975936878610
1	103.4000000010792064131238	 3.3810234071853551007791
2	103.4000000010792064131238	 3.7930266559831786743473
3	103.4000000010792064131238	 4.2026284639360591555146
4	103.4000000010792064131238	 4.5578515481913992601903
5	103.4000000010792064131238	 4.8859436177098496401072
6	103.4000000010792064131238	 5.1938257815775887848986
7	103.4000000010792064131238	 5.5027382878018507028628
8	103.4000000010792064131238	 5.8127819505712716718904
9	103.4000000010792064131238	 6.1237736956475039562520
10	103.4000000010792064131238	 6.4350079987630151023836
11	103.4000000010792064131238	 6.7458807822297703893355
12	103.4000000010792064131238	 7.0566006271975458830070
13	103.4000000010792064131238	 7.3673928108987469798308
14	103.4000000010792064131238	 7.6779663587752802200725
15	103.4000000010792064131238	 7.9882968594861791800099
16	103.4000000010792064131238	 8.4430104086675701324793
17	103.4000000010792064131238	 8.9501148400379797465121
18	103.4000000010792064131238	 9.1438165124707264652670
19	103.4000000010792064131238	 9.4349753448434281466461
20	103.4000000010792064131238	 9.6328412868790795897667
21	103.4000000010792064131238	10.0437991592251716355122
22	103.4000000010792064131238	10.6572604808547186650003
23	103.4000000010792064131238	11.3156836773065805346050
24	103.4000000010792064131238	12.1467991138764581648957
25	103.4000000010792064131238	12.9123367064013940819223
26	103.4000000010792064131238	13.4445810968441268329343
27	103.4000000010792064131238	13.7428169012146632610438
28	103.4000000010792064131238	14.2599042493376568785379
29	103.4000000010792064131238	14.7186482841551722344775
0	103.5000000011109477782156	 2.9104837305975936878610
1	103.5000000011109477782156	 3.3810234071853551007791
2	103.5000000011109477782156	 3.7930266559831786743473
3	103.5000000011109477782156	 4.2026284639360591555146
4	103.5000000011109477782156	 4.5578515481913992601903
5	103.5000000011109477782156	 4.8859436177098496401072
6	103.5000000011109477782156	 5.1938257815775887848986
7	103.5000000011109477782156	 5.5027382878018507028628
8	103.5000000011109477782156	 5.8127819505712716718904
9	103.5000000011109477782156	 6.1237736956475039562520
10	103.5000000011109477782156	 6.4350079987630151023836
11	103.5000000011109477782156	 6.7458807822297703893355
12	103.5000000011109477782156	 7.0566006271975458830070
13	103.5000000011109477782156	 7.3673928108987469798308
14	103.5000000011109477782156	 7.6779663587752802200725
15	103.5000000011109477782156	 7.9882968594861791800099
16	103.5000000011109477782156	 8.4430104086675701324793
17	103.5000000011109477782156	 8.9501148400379797465121
18	103.5000000011109477782156	 9.1438165124707264652670
19	103.5000000011109477782156	 9.4349753448434281466461
20	103.5000000011109477782156	 9.6328412868790795897667
21	103.5000000011109477782156	10.0437991592251716355122
22	103.5000000011109477782156	10.6572604808547186650003
23	103.5000000011109477782156	11.3156836773065805346050
24	103.5000000011109477782156	12.1467991138764581648957
25	103.5000000011109477782156	12.9123367064013940819223
26	103.5000000011109477782156	13.4445810968441268329343
27	103.5000000011109477782156	13.7428169012146632610438
28	103.5000000011109477782156	14.2599042493376568785379
29	103.5000000011109477782156	14.7186482841551722344775
0	103.6000000011426891433075	 2.9104837305975936878610
1	103.6000000011426891433075	 3.3810234071853551007791
2	103.6000000011426891433075	 3.7930266559831786743473
3	103.6000000011426891433075	 4.2026284639360591555146
4	103.6000000011426891433075	 4.5578515481913992601903
5	103.6000000011426891433075	 4.8859436177098496401072
6	103.6000000011426891433075	 5.1938257815775887848986
7	103.6000000011426891433075	 5.5027382878018507028628
8	103.6000000011426891433075	 5.8127819505712716718904
9	103.6000000011426891433075	 6.1237736956475039562520
10	103.6000000011426891433075	 6.4350079987630151023836
11	103.6000000011426891433075	 6.7458807822297703893355
12	103.6000000011426891433075	 7.0566006271975458830070
13	103.6000000011426891433075	 7.3673928108987469798308
14	103.6000000011426891433075	 7.6779663587752802200725
15	103.6000000011426891433075	 7.9882968594861791800099
16	103.6000000011426891433075	 8.4430104086675701324793
17	103.6000000011426891433075	 8.9501148400379797465121
18	103.6000000011426891433075	 9.1438165124707264652670
19	103.6000000011426891433075	 9.4349753448434281466461
20	103.6000000011426891433075	 9.6328412868790795897667
21	103.6000000011426891433075	10.0437991592251716355122
22	103.6000000011426891433075	10.6572604808547186650003
23	103.6000000011426891433075	11.3156836773065805346050
24	103.6000000011426891433075	12.1467991138764581648957
25	103.6000000011426891433075	12.9123367064013940819223
26	103.6000000011426891433075	13.4445810968441268329343
27	103.6000000011426891433075	13.7428169012146632610438
28	103.6000000011426891433075	14.2599042493376568785379
29	103.6000000011426891433075	14.7186482841551722344775
0	103.7000000011744305083994	 2.9104837305975936878610
1	103.7000000011744305083994	 3.3810234071853551007791
2	103.7000000011744305083994	 3.7930266559831786743473
3	103.7000000011744305083994	 4.2026284639360591555146
4	103.7000000011744305083994	 4.5578515481913992601903
5	103.7000000011744305083994	 4.8859436177098496401072
6	103.7000000011744305083994	 5.1938257815775887848986
7	103.7000000011744305083994	 5.5027382878018507028628
8	103.7000000011744305083994	 5.8127819505712716718904
9	103.7000000011744305083994	 6.1237736956475039562520
10	103.7000000011744305083994	 6.4350079987630151023836
11	103.7000000011744305083994	 6.7458807822297703893355
12	103.7000000011744305083994	 7.0566006271975458830070
13	103.7000000011744305083994	 7.3673928108987469798308
14	103.7000000011744305083994	 7.6779663587752802200725
15	103.7000000011744305083994	 7.9882968594861791800099
16	103.7000000011744305083994	 8.4430104086675701324793
17	103.7000000011744305083994	 8.9501148400379797465121
18	103.7000000011744305083994	 9.1438165124707264652670
19	103.7000000011744305083994	 9.4349753448434281466461
20	103.7000000011744305083994	 9.6328412868790795897667
21	103.7000000011744305083994	10.0437991592251716355122
22	103.7000000011744305083994	10.6572604808547186650003
23	103.7000000011744305083994	11.3156836773065805346050
24	103.7000000011744305083994	12.1467991138764581648957
25	103.7000000011744305083994	12.9123367064013940819223
26	103.7000000011744305083994	13.4445810968441268329343
27	103.7000000011744305083994	13.7428169012146632610438
28	103.7000000011744305083994	14.2599042493376568785379
29	103.7000000011744305083994	14.7186482841551722344775
0	103.8000000012061718734913	 2.9104837305975936878610
1	103.8000000012061718734913	 3.3810234071853551007791
2	103.8000000012061718734913	 3.7930266559831786743473
3	103.8000000012061718734913	 4.2026284639360591555146
4	103.8000000012061718734913	 4.5578515481913992601903
5	103.8000000012061718734913	 4.8859436177098496401072
6	103.8000000012061718734913	 5.1938257815775887848986
7	103.8000000012061718734913	 5.5027382878018507028628
8	103.8000000012061718734913	 5.8127819505712716718904
9	103.8000000012061718734913	 6.1237736956475039562520
10	103.8000000012061718734913	 6.4350079987630151023836
11	103.8000000012061718734913	 6.7458807822297703893355
12	103.8000000012061718734913	 7.0566006271975458830070
13	103.8000000012061718734913	 7.3673928108987469798308
14	103.8000000012061718734913	 7.6779663587752802200725
15	103.8000000012061718734913	 7.9882968594861791800099
16	103.8000000012061718734913	 8.4430104086675701324793
17	103.8000000012061718734913	 8.9501148400379797465121
18	103.8000000012061718734913	 9.1438165124707264652670
19	103.8000000012061718734913	 9.4349753448434281466461
20	103.8000000012061718734913	 9.6328412868790795897667
21	103.8000000012061718734913	10.0437991592251716355122
22	103.8000000012061718734913	10.6572604808547186650003
23	103.8000000012061718734913	11.3156836773065805346050
24	103.8000000012061718734913	12.1467991138764581648957
25	103.8000000012061718734913	12.9123367064013940819223
26	103.8000000012061718734913	13.4445810968441268329343
27	103.8000000012061718734913	13.7428169012146632610438
28	103.8000000012061718734913	14.2599042493376568785379
29	103.8000000012061718734913	14.7186482841551722344775
0	103.9000000012379132385831	 2.9104837305975936878610
1	103.9000000012379132385831	 3.3810234071853551007791
2	103.9000000012379132385831	 3.7930266559831786743473
3	103.9000000012379132385831	 4.2026284639360591555146
4	103.9000000012379132385831	 4.5578515481913992601903
5	103.9000000012379132385831	 4.8859436177098496401072
6	103.9000000012379132385831	 5.1938257815775887848986
7	103.9000000012379132385831	 5.5027382878018507028628
8	103.9000000012379132385831	 5.8127819505712716718904
9	103.9000000012379132385831	 6.1237736956475039562520
10	103.9000000012379132385831	 6.4350079987630151023836
11	103.9000000012379132385831	 6.7458807822297703893355
12	103.9000000012379132385831	 7.0566006271975458830070
13	103.9000000012379132385831	 7.3673928108987469798308
14	103.9000000012379132385831	 7.6779663587752802200725
15	103.9000000012379132385831	 7.9882968594861791800099
16	103.9000000012379132385831	 8.4430104086675701324793
17	103.9000000012379132385831	 8.9501148400379797465121
18	103.9000000012379132385831	 9.1438165124707264652670
19	103.9000000012379132385831	 9.4349753448434281466461
20	103.9000000012379132385831	 9.6328412868790795897667
21	103.9000000012379132385831	10.0437991592251716355122
22	103.9000000012379132385831	10.6572604808547186650003
23	103.9000000012379132385831	11.3156836773065805346050
24	103.9000000012379132385831	12.1467991138764581648957
25	103.9000000012379132385831	12.9123367064013940819223
26	103.9000000012379132385831	13.4445810968441268329343
27	103.9000000012379132385831	13.7428169012146632610438
28	103.9000000012379132385831	14.2599042493376568785379
29	103.9000000012379132385831	14.7186482841551722344775
0	104.0000000012696546036750	 2.9104837305975936878610
1	104.0000000012696546036750	 3.3810234071853551007791
2	104.0000000012696546036750	 3.7930266559831786743473
3	104.0000000012696546036750	 4.2026284639360591555146
4	104.0000000012696546036750	 4.5578515481913992601903
5	104.0000000012696546036750	 4.8859436177098496401072
6	104.0000000012696546036750	 5.1938257815775887848986
7	104.000000001269654