0.000000	0.000000
0.010000	-0.040000
0.020000	-0.080000
0.030000	-0.119980
0.040000	-0.159920
0.050000	-0.199800
0.060000	-0.239600
0.070000	-0.279300
0.080000	-0.318881
0.090000	-0.358321
0.100000	-0.397603
0.110000	-0.436705
0.120000	-0.475609
0.130000	-0.514294
0.140000	-0.552742
0.150000	-0.590934
0.160000	-0.628849
0.170000	-0.666469
0.180000	-0.703776
0.190000	-0.740750
0.200000	-0.777373
0.210000	-0.813627
0.220000	-0.849494
0.230000	-0.884955
0.240000	-0.919994
0.250000	-0.954592
0.260000	-0.988732
0.270000	-1.022398
0.280000	-1.055573
0.290000	-1.088240
0.300000	-1.120383
0.310000	-1.151986
0.320000	-1.183033
0.330000	-1.213510
0.340000	-1.243401
0.350000	-1.272692
0.360000	-1.301368
0.370000	-1.329415
0.380000	-1.356820
0.390000	-1.383568
0.400000	-1.409648
0.410000	-1.435047
0.420000	-1.459752
0.430000	-1.483752
0.440000	-1.507035
0.450000	-1.529589
0.460000	-1.551406
0.470000	-1.572473
0.480000	-1.592781
0.490000	-1.612322
0.500000	-1.631085
0.510000	-1.649062
0.520000	-1.666245
0.530000	-1.682626
0.540000	-1.698199
0.550000	-1.712955
0.560000	-1.726890
0.570000	-1.739996
0.580000	-1.752268
0.590000	-1.763702
0.600000	-1.774292
0.610000	-1.784035
0.620000	-1.792927
0.630000	-1.800965
0.640000	-1.808145
0.650000	-1.814466
0.660000	-1.819927
0.670000	-1.824525
0.680000	-1.828260
0.690000	-1.831131
0.700000	-1.833139
0.710000	-1.834284
0.720000	-1.834567
0.730000	-1.833990
0.740000	-1.832555
0.750000	-1.830264
0.760000	-1.827120
0.770000	-1.823126
0.780000	-1.818287
0.790000	-1.812607
0.800000	-1.806090
0.810000	-1.798742
0.820000	-1.790568
0.830000	-1.781575
0.840000	-1.771769
0.850000	-1.761156
0.860000	-1.749746
0.870000	-1.737544
0.880000	-1.724561
0.890000	-1.710804
0.900000	-1.696282
0.910000	-1.681005
0.920000	-1.664984
0.930000	-1.648228
0.940000	-1.630748
0.950000	-1.612555
0.960000	-1.593661
0.970000	-1.574078
0.980000	-1.553817
0.990000	-1.532892
1.000000	-1.511316
1.010000	-1.489101
1.020000	-1.466262
1.030000	-1.442812
1.040000	-1.418766
1.050000	-1.394138
1.060000	-1.368943
1.070000	-1.343196
1.080000	-1.316913
1.090000	-1.290110
1.100000	-1.262802
1.110000	-1.235006
1.120000	-1.206738
1.130000	-1.178015
1.140000	-1.148854
1.150000	-1.119272
1.160000	-1.089287
1.170000	-1.058916
1.180000	-1.028176
1.190000	-0.997087
1.200000	-0.965665
1.210000	-0.933930
1.220000	-0.901899
1.230000	-0.869592
1.240000	-0.837026
1.250000	-0.804220
1.260000	-0.771194
1.270000	-0.737967
1.280000	-0.704556
1.290000	-0.670983
1.300000	-0.637264
1.310000	-0.603421
1.320000	-0.569471
1.330000	-0.535435
1.340000	-0.501331
1.350000	-0.467179
1.360000	-0.432998
1.370000	-0.398807
1.380000	-0.364625
1.390000	-0.330472
1.400000	-0.296366
1.410000	-0.262327
1.420000	-0.228373
1.430000	-0.194523
1.440000	-0.160796
1.450000	-0.127210
1.460000	-0.093785
1.470000	-0.060537
1.480000	-0.027487
1.490000	0.005350
1.500000	0.037954
1.510000	0.070308
1.520000	0.102395
1.530000	0.134197
1.540000	0.165697
1.550000	0.196878
1.560000	0.227724
1.570000	0.258218
1.580000	0.288344
1.590000	0.318087
1.600000	0.347430
1.610000	0.376358
1.620000	0.404857
1.630000	0.432911
1.640000	0.460506
1.650000	0.487628
1.660000	0.514263
1.670000	0.540397
1.680000	0.566018
1.690000	0.591112
1.700000	0.615667
1.710000	0.639671
1.720000	0.663112
1.730000	0.685979
1.740000	0.708261
1.750000	0.729947
1.760000	0.751026
1.770000	0.771490
1.780000	0.791328
1.790000	0.810532
1.800000	0.829092
1.810000	0.847001
1.820000	0.864251
1.830000	0.880835
1.840000	0.896745
1.850000	0.911975
1.860000	0.926519
1.870000	0.940371
1.880000	0.953526
1.890000	0.965980
1.900000	0.977728
1.910000	0.988765
1.920000	0.999090
1.930000	1.008698
1.940000	1.017588
1.950000	1.025757
1.960000	1.033203
1.970000	1.039926
1.980000	1.045925
1.990000	1.051199
2.000000	1.055749
2.010000	1.059576
2.020000	1.062680
2.030000	1.065063
2.040000	1.066728
2.050000	1.067676
2.060000	1.067911
2.070000	1.067436
2.080000	1.066255
2.090000	1.064372
2.100000	1.061791
2.110000	1.058519
2.120000	1.054560
2.130000	1.049921
2.140000	1.044607
2.150000	1.038627
2.160000	1.031986
2.170000	1.024693
2.180000	1.016755
2.190000	1.008182
2.200000	0.998982
2.210000	0.989164
2.220000	0.978737
2.230000	0.967712
2.240000	0.956100
2.250000	0.943910
2.260000	0.931154
2.270000	0.917844
2.280000	0.903990
2.290000	0.889606
2.300000	0.874703
2.310000	0.859294
2.320000	0.843392
2.330000	0.827011
2.340000	0.810164
2.350000	0.792865
2.360000	0.775128
2.370000	0.756968
2.380000	0.738399
2.390000	0.719436
2.400000	0.700095
2.410000	0.680390
2.420000	0.660337
2.430000	0.639953
2.440000	0.619252
2.450000	0.598252
2.460000	0.576968
2.470000	0.555418
2.480000	0.533617
2.490000	0.511582
2.500000	0.489331
2.510000	0.466881
2.520000	0.444248
2.530000	0.421450
2.540000	0.398504
2.550000	0.375428
2.560000	0.352239
2.570000	0.328955
2.580000	0.305593
2.590000	0.282171
2.600000	0.258706
2.610000	0.235217
2.620000	0.211720
2.630000	0.188234
2.640000	0.164776
2.650000	0.141364
2.660000	0.118015
2.670000	0.094746
2.680000	0.071575
2.690000	0.048519
2.700000	0.025596
2.710000	0.002823
2.720000	-0.019784
2.730000	-0.042208
2.740000	-0.064431
2.750000	-0.086438
2.760000	-0.108211
2.770000	-0.129735
2.780000	-0.150993
2.790000	-0.171970
2.800000	-0.192650
2.810000	-0.213017
2.820000	-0.233057
2.830000	-0.252753
2.840000	-0.272092
2.850000	-0.291059
2.860000	-0.309639
2.870000	-0.327819
2.880000	-0.345584
2.890000	-0.362922
2.900000	-0.379818
2.910000	-0.396261
2.920000	-0.412238
2.930000	-0.427736
2.940000	-0.442744
2.950000	-0.457250
2.960000	-0.471242
2.970000	-0.484710
2.980000	-0.497644
2.990000	-0.510033
3.000000	-0.521868
3.010000	-0.533138
3.020000	-0.543836
3.030000	-0.553952
3.040000	-0.563478
3.050000	-0.572406
3.060000	-0.580729
3.070000	-0.588441
3.080000	-0.595533
3.090000	-0.602001
3.100000	-0.607838
3.110000	-0.613039
3.120000	-0.617599
3.130000	-0.621514
3.140000	-0.624780
3.150000	-0.627393
3.160000	-0.629349
3.170000	-0.630648
3.180000	-0.631285
3.190000	-0.631259
3.200000	-0.630570
3.210000	-0.629215
3.220000	-0.627196
3.230000	-0.624511
3.240000	-0.621161
3.250000	-0.617148
3.260000	-0.612472
3.270000	-0.607136
3.280000	-0.601142
3.290000	-0.594492
3.300000	-0.587190
3.310000	-0.579240
3.320000	-0.570645
3.330000	-0.561410
3.340000	-0.551541
3.350000	-0.541043
3.360000	-0.529921
3.370000	-0.518182
3.380000	-0.505833
3.390000	-0.492881
3.400000	-0.479333
3.410000	-0.465198
3.420000	-0.450485
3.430000	-0.435201
3.440000	-0.419356
3.450000	-0.402961
3.460000	-0.386024
3.470000	-0.368557
3.480000	-0.350571
3.490000	-0.332075
3.500000	-0.313083
3.510000	-0.293607
3.520000	-0.273657
3.530000	-0.253248
3.540000	-0.232392
3.550000	-0.211102
3.560000	-0.189392
3.570000	-0.167276
3.580000	-0.144769
3.590000	-0.121884
3.600000	-0.098637
3.610000	-0.075044
3.620000	-0.051118
3.630000	-0.026877
3.640000	-0.002335
3.650000	0.022490
3.660000	0.047583
3.670000	0.072926
3.680000	0.098503
3.690000	0.124297
3.700000	0.150291
3.710000	0.176467
3.720000	0.202808
3.730000	0.229295
3.740000	0.255911
3.750000	0.282638
3.760000	0.309458
3.770000	0.336352
3.780000	0.363302
3.790000	0.390289
3.800000	0.417295
3.810000	0.444301
3.820000	0.471289
3.830000	0.498240
3.840000	0.525134
3.850000	0.551954
3.860000	0.578680
3.870000	0.605293
3.880000	0.631775
3.890000	0.658107
3.900000	0.684270
3.910000	0.710246
3.920000	0.736015
3.930000	0.761560
3.940000	0.786861
3.950000	0.811900
3.960000	0.836660
3.970000	0.861121
3.980000	0.885266
3.990000	0.909077
4.000000	0.932536
4.010000	0.955626
4.020000	0.978329
4.030000	1.000627
4.040000	1.022505
4.050000	1.043944
4.060000	1.064929
4.070000	1.085444
4.080000	1.105471
4.090000	1.124995
4.100000	1.144001
4.110000	1.162472
4.120000	1.180395
4.130000	1.197754
4.140000	1.214535
4.150000	1.230724
4.160000	1.246306
4.170000	1.261269
4.180000	1.275599
4.190000	1.289283
4.200000	1.302309
4.210000	1.314665
4.220000	1.326339
4.230000	1.337320
4.240000	1.347596
4.250000	1.357158
4.260000	1.365995
4.270000	1.374097
4.280000	1.381455
4.290000	1.388060
4.300000	1.393904
4.310000	1.398979
4.320000	1.403276
4.330000	1.406789
4.340000	1.409512
4.350000	1.411438
4.360000	1.412561
4.370000	1.412875
4.380000	1.412377
4.390000	1.411062
4.400000	1.408926
4.410000	1.405965
4.420000	1.402177
4.430000	1.397559
4.440000	1.392110
4.450000	1.385827
4.460000	1.378711
4.470000	1.370760
4.480000	1.361975
4.490000	1.352357
4.500000	1.341905
4.510000	1.330623
4.520000	1.318512
4.530000	1.305575
4.540000	1.291814
4.550000	1.277234
4.560000	1.261838
4.570000	1.245632
4.580000	1.228619
4.590000	1.210807
4.600000	1.192200
4.610000	1.172806
4.620000	1.152631
4.630000	1.131684
4.640000	1.109971
4.650000	1.087503
4.660000	1.064287
4.670000	1.040332
4.680000	1.015650
4.690000	0.990251
4.700000	0.964144
4.710000	0.937342
4.720000	0.909856
4.730000	0.881699
4.740000	0.852882
4.750000	0.823420
4.760000	0.793324
4.770000	0.762611
4.780000	0.731292
4.790000	0.699384
4.800000	0.666901
4.810000	0.633858
4.820000	0.600272
4.830000	0.566159
4.840000	0.531535
4.850000	0.496416
4.860000	0.460821
4.870000	0.424766
4.880000	0.388269
4.890000	0.351350
4.900000	0.314025
4.910000	0.276314
4.920000	0.238236
4.930000	0.199810
4.940000	0.161055
4.950000	0.121992
4.960000	0.082640
4.970000	0.043019
4.980000	0.003151
4.990000	-0.036945
5.000000	-0.077247
