0.000000	0.000000
0.001000	0.000000
0.002000	0.000002
0.003000	0.000006
0.004000	0.000012
0.005000	0.000020
0.006000	0.000030
0.007000	0.000042
0.008000	0.000056
0.009000	0.000072
0.010000	0.000090
0.011000	0.000110
0.012000	0.000132
0.013000	0.000156
0.014000	0.000182
0.015000	0.000210
0.016000	0.000240
0.017000	0.000272
0.018000	0.000306
0.019000	0.000342
0.020000	0.000380
0.021000	0.000420
0.022000	0.000462
0.023000	0.000506
0.024000	0.000552
0.025000	0.000600
0.026000	0.000650
0.027000	0.000702
0.028000	0.000756
0.029000	0.000812
0.030000	0.000870
0.031000	0.000929
0.032000	0.000991
0.033000	0.001055
0.034000	0.001121
0.035000	0.001189
0.036000	0.001259
0.037000	0.001331
0.038000	0.001405
0.039000	0.001481
0.040000	0.001559
0.041000	0.001638
0.042000	0.001720
0.043000	0.001804
0.044000	0.001890
0.045000	0.001978
0.046000	0.002067
0.047000	0.002159
0.048000	0.002253
0.049000	0.002349
0.050000	0.002446
0.051000	0.002546
0.052000	0.002648
0.053000	0.002751
0.054000	0.002857
0.055000	0.002965
0.056000	0.003074
0.057000	0.003186
0.058000	0.003299
0.059000	0.003415
0.060000	0.003532
0.061000	0.003652
0.062000	0.003773
0.063000	0.003896
0.064000	0.004022
0.065000	0.004149
0.066000	0.004278
0.067000	0.004410
0.068000	0.004543
0.069000	0.004678
0.070000	0.004815
0.071000	0.004954
0.072000	0.005096
0.073000	0.005239
0.074000	0.005384
0.075000	0.005531
0.076000	0.005679
0.077000	0.005830
0.078000	0.005983
0.079000	0.006138
0.080000	0.006295
0.081000	0.006453
0.082000	0.006614
0.083000	0.006777
0.084000	0.006941
0.085000	0.007108
0.086000	0.007276
0.087000	0.007446
0.088000	0.007619
0.089000	0.007793
0.090000	0.007969
0.091000	0.008147
0.092000	0.008327
0.093000	0.008509
0.094000	0.008693
0.095000	0.008879
0.096000	0.009067
0.097000	0.009257
0.098000	0.009448
0.099000	0.009642
0.100000	0.009837
0.101000	0.010035
0.102000	0.010234
0.103000	0.010435
0.104000	0.010639
0.105000	0.010844
0.106000	0.011051
0.107000	0.011260
0.108000	0.011470
0.109000	0.011683
0.110000	0.011898
0.111000	0.012114
0.112000	0.012333
0.113000	0.012553
0.114000	0.012776
0.115000	0.013000
0.116000	0.013226
0.117000	0.013454
0.118000	0.013684
0.119000	0.013915
0.120000	0.014149
0.121000	0.014384
0.122000	0.014622
0.123000	0.014861
0.124000	0.015102
0.125000	0.015345
0.126000	0.015590
0.127000	0.015837
0.128000	0.016086
0.129000	0.016336
0.130000	0.016589
0.131000	0.016843
0.132000	0.017099
0.133000	0.017357
0.134000	0.017617
0.135000	0.017879
0.136000	0.018143
0.137000	0.018408
0.138000	0.018675
0.139000	0.018945
0.140000	0.019216
0.141000	0.019489
0.142000	0.019763
0.143000	0.020040
0.144000	0.020318
0.145000	0.020599
0.146000	0.020881
0.147000	0.021165
0.148000	0.021450
0.149000	0.021738
0.150000	0.022027
0.151000	0.022319
0.152000	0.022612
0.153000	0.022907
0.154000	0.023203
0.155000	0.023502
0.156000	0.023802
0.157000	0.024104
0.158000	0.024408
0.159000	0.024714
0.160000	0.025021
0.161000	0.025331
0.162000	0.025642
0.163000	0.025955
0.164000	0.026270
0.165000	0.026586
0.166000	0.026905
0.167000	0.027225
0.168000	0.027547
0.169000	0.027870
0.170000	0.028196
0.171000	0.028523
0.172000	0.028852
0.173000	0.029183
0.174000	0.029515
0.175000	0.029850
0.176000	0.030186
0.177000	0.030524
0.178000	0.030863
0.179000	0.031205
0.180000	0.031548
0.181000	0.031893
0.182000	0.032239
0.183000	0.032588
0.184000	0.032938
0.185000	0.033289
0.186000	0.033643
0.187000	0.033998
0.188000	0.034355
0.189000	0.034714
0.190000	0.035075
0.191000	0.035437
0.192000	0.035801
0.193000	0.036166
0.194000	0.036534
0.195000	0.036903
0.196000	0.037274
0.197000	0.037646
0.198000	0.038020
0.199000	0.038396
0.200000	0.038774
0.201000	0.039153
0.202000	0.039534
0.203000	0.039916
0.204000	0.040301
0.205000	0.040687
0.206000	0.041074
0.207000	0.041464
0.208000	0.041855
0.209000	0.042247
0.210000	0.042642
0.211000	0.043038
0.212000	0.043435
0.213000	0.043835
0.214000	0.044236
0.215000	0.044638
0.216000	0.045042
0.217000	0.045448
0.218000	0.045856
0.219000	0.046265
0.220000	0.046676
0.221000	0.047088
0.222000	0.047502
0.223000	0.047918
0.224000	0.048335
0.225000	0.048754
0.226000	0.049175
0.227000	0.049597
0.228000	0.050020
0.229000	0.050446
0.230000	0.050873
0.231000	0.051301
0.232000	0.051731
0.233000	0.052163
0.234000	0.052596
0.235000	0.053031
0.236000	0.053467
0.237000	0.053905
0.238000	0.054345
0.239000	0.054786
0.240000	0.055229
0.241000	0.055673
0.242000	0.056119
0.243000	0.056566
0.244000	0.057015
0.245000	0.057466
0.246000	0.057918
0.247000	0.058371
0.248000	0.058826
0.249000	0.059283
0.250000	0.059741
0.251000	0.060200
0.252000	0.060662
0.253000	0.061124
0.254000	0.061589
0.255000	0.062054
0.256000	0.062521
0.257000	0.062990
0.258000	0.063460
0.259000	0.063932
0.260000	0.064405
0.261000	0.064880
0.262000	0.065356
0.263000	0.065834
0.264000	0.066313
0.265000	0.066793
0.266000	0.067275
0.267000	0.067759
0.268000	0.068244
0.269000	0.068730
0.270000	0.069218
0.271000	0.069707
0.272000	0.070198
0.273000	0.070690
0.274000	0.071184
0.275000	0.071679
0.276000	0.072175
0.277000	0.072673
0.278000	0.073172
0.279000	0.073673
0.280000	0.074175
0.281000	0.074678
0.282000	0.075183
0.283000	0.075690
0.284000	0.076197
0.285000	0.076706
0.286000	0.077217
0.287000	0.077729
0.288000	0.078242
0.289000	0.078757
0.290000	0.079273
0.291000	0.079790
0.292000	0.080309
0.293000	0.080829
0.294000	0.081350
0.295000	0.081873
0.296000	0.082397
0.297000	0.082922
0.298000	0.083449
0.299000	0.083977
0.300000	0.084507
0.301000	0.085037
0.302000	0.085569
0.303000	0.086103
0.304000	0.086637
0.305000	0.087173
0.306000	0.087711
0.307000	0.088249
0.308000	0.088789
0.309000	0.089330
0.310000	0.089873
0.311000	0.090416
0.312000	0.090961
0.313000	0.091507
0.314000	0.092055
0.315000	0.092604
0.316000	0.093154
0.317000	0.093705
0.318000	0.094257
0.319000	0.094811
0.320000	0.095366
0.321000	0.095922
0.322000	0.096480
0.323000	0.097038
0.324000	0.097598
0.325000	0.098159
0.326000	0.098722
0.327000	0.099285
0.328000	0.099850
0.329000	0.100416
0.330000	0.100983
0.331000	0.101551
0.332000	0.102121
0.333000	0.102691
0.334000	0.103263
0.335000	0.103836
0.336000	0.104410
0.337000	0.104986
0.338000	0.105562
0.339000	0.106140
0.340000	0.106718
0.341000	0.107298
0.342000	0.107879
0.343000	0.108461
0.344000	0.109045
0.345000	0.109629
0.346000	0.110214
0.347000	0.110801
0.348000	0.111389
0.349000	0.111978
0.350000	0.112567
0.351000	0.113158
0.352000	0.113751
0.353000	0.114344
0.354000	0.114938
0.355000	0.115533
0.356000	0.116130
0.357000	0.116727
0.358000	0.117326
0.359000	0.117925
0.360000	0.118526
0.361000	0.119127
0.362000	0.119730
0.363000	0.120334
0.364000	0.120938
0.365000	0.121544
0.366000	0.122151
0.367000	0.122759
0.368000	0.123367
0.369000	0.123977
0.370000	0.124588
0.371000	0.125200
0.372000	0.125812
0.373000	0.126426
0.374000	0.127041
0.375000	0.127656
0.376000	0.128273
0.377000	0.128891
0.378000	0.129509
0.379000	0.130129
0.380000	0.130749
0.381000	0.131371
0.382000	0.131993
0.383000	0.132616
0.384000	0.133240
0.385000	0.133865
0.386000	0.134491
0.387000	0.135118
0.388000	0.135746
0.389000	0.136375
0.390000	0.137004
0.391000	0.137635
0.392000	0.138266
0.393000	0.138898
0.394000	0.139532
0.395000	0.140166
0.396000	0.140800
0.397000	0.141436
0.398000	0.142073
0.399000	0.142710
0.400000	0.143348
0.401000	0.143987
0.402000	0.144627
0.403000	0.145268
0.404000	0.145910
0.405000	0.146552
0.406000	0.147195
0.407000	0.147839
0.408000	0.148484
0.409000	0.149129
0.410000	0.149776
0.411000	0.150423
0.412000	0.151071
0.413000	0.151719
0.414000	0.152369
0.415000	0.153019
0.416000	0.153670
0.417000	0.154322
0.418000	0.154974
0.419000	0.155627
0.420000	0.156281
0.421000	0.156936
0.422000	0.157591
0.423000	0.158247
0.424000	0.158904
0.425000	0.159561
0.426000	0.160220
0.427000	0.160878
0.428000	0.161538
0.429000	0.162198
0.430000	0.162859
0.431000	0.163521
0.432000	0.164183
0.433000	0.164846
0.434000	0.165509
0.435000	0.166174
0.436000	0.166838
0.437000	0.167504
0.438000	0.168170
0.439000	0.168837
0.440000	0.169504
0.441000	0.170172
0.442000	0.170841
0.443000	0.171510
0.444000	0.172180
0.445000	0.172850
0.446000	0.173521
0.447000	0.174193
0.448000	0.174865
0.449000	0.175537
0.450000	0.176211
0.451000	0.176885
0.452000	0.177559
0.453000	0.178234
0.454000	0.178909
0.455000	0.179585
0.456000	0.180262
0.457000	0.180939
0.458000	0.181616
0.459000	0.182294
0.460000	0.182973
0.461000	0.183652
0.462000	0.184332
0.463000	0.185012
0.464000	0.185692
0.465000	0.186373
0.466000	0.187055
0.467000	0.187737
0.468000	0.188419
0.469000	0.189102
0.470000	0.189785
0.471000	0.190469
0.472000	0.191153
0.473000	0.191838
0.474000	0.192523
0.475000	0.193208
0.476000	0.193894
0.477000	0.194581
0.478000	0.195267
0.479000	0.195954
0.480000	0.196642
0.481000	0.197330
0.482000	0.198018
0.483000	0.198706
0.484000	0.199395
0.485000	0.200085
0.486000	0.200774
0.487000	0.201464
0.488000	0.202155
0.489000	0.202846
0.490000	0.203537
0.491000	0.204228
0.492000	0.204920
0.493000	0.205612
0.494000	0.206304
0.495000	0.206997
0.496000	0.207689
0.497000	0.208383
0.498000	0.209076
0.499000	0.209770
0.500000	0.210464
0.501000	0.211158
0.502000	0.211853
0.503000	0.212547
0.504000	0.213242
0.505000	0.213938
0.506000	0.214633
0.507000	0.215329
0.508000	0.216025
0.509000	0.216721
0.510000	0.217418
0.511000	0.218114
0.512000	0.218811
0.513000	0.219508
0.514000	0.220205
0.515000	0.220902
0.516000	0.221600
0.517000	0.222298
0.518000	0.222995
0.519000	0.223693
0.520000	0.224392
0.521000	0.225090
0.522000	0.225788
0.523000	0.226487
0.524000	0.227186
0.525000	0.227884
0.526000	0.228583
0.527000	0.229282
0.528000	0.229982
0.529000	0.230681
0.530000	0.231380
0.531000	0.232079
0.532000	0.232779
0.533000	0.233479
0.534000	0.234178
0.535000	0.234878
0.536000	0.235578
0.537000	0.236277
0.538000	0.236977
0.539000	0.237677
0.540000	0.238377
0.541000	0.239077
0.542000	0.239777
0.543000	0.240477
0.544000	0.241176
0.545000	0.241876
0.546000	0.242576
0.547000	0.243276
0.548000	0.243976
0.549000	0.244676
0.550000	0.245376
0.551000	0.246075
0.552000	0.246775
0.553000	0.247475
0.554000	0.248174
0.555000	0.248874
0.556000	0.249573
0.557000	0.250273
0.558000	0.250972
0.559000	0.251671
0.560000	0.252370
0.561000	0.253070
0.562000	0.253768
0.563000	0.254467
0.564000	0.255166
0.565000	0.255864
0.566000	0.256563
0.567000	0.257261
0.568000	0.257959
0.569000	0.258657
0.570000	0.259355
0.571000	0.260053
0.572000	0.260750
0.573000	0.261448
0.574000	0.262145
0.575000	0.262842
0.576000	0.263538
0.577000	0.264235
0.578000	0.264931
0.579000	0.265627
0.580000	0.266323
0.581000	0.267019
0.582000	0.267714
0.583000	0.268409
0.584000	0.269104
0.585000	0.269799
0.586000	0.270494
0.587000	0.271188
0.588000	0.271882
0.589000	0.272575
0.590000	0.273269
0.591000	0.273962
0.592000	0.274654
0.593000	0.275347
0.594000	0.276039
0.595000	0.276731
0.596000	0.277422
0.597000	0.278114
0.598000	0.278804
0.599000	0.279495
0.600000	0.280185
0.601000	0.280875
0.602000	0.281564
0.603000	0.282254
0.604000	0.282942
0.605000	0.283631
0.606000	0.284319
0.607000	0.285006
0.608000	0.285693
0.609000	0.286380
0.610000	0.287066
0.611000	0.287752
0.612000	0.288438
0.613000	0.289123
0.614000	0.289808
0.615000	0.290492
0.616000	0.291176
0.617000	0.291859
0.618000	0.292542
0.619000	0.293224
0.620000	0.293906
0.621000	0.294588
0.622000	0.295269
0.623000	0.295949
0.624000	0.296629
0.625000	0.297309
0.626000	0.297988
0.627000	0.298666
0.628000	0.299344
0.629000	0.300022
0.630000	0.300699
0.631000	0.301375
0.632000	0.302051
0.633000	0.302726
0.634000	0.303401
0.635000	0.304075
0.636000	0.304748
0.637000	0.305421
0.638000	0.306094
0.639000	0.306765
0.640000	0.307437
0.641000	0.308107
0.642000	0.308777
0.643000	0.309447
0.644000	0.310115
0.645000	0.310784
0.646000	0.311451
0.647000	0.312118
0.648000	0.312784
0.649000	0.313450
0.650000	0.314115
0.651000	0.314779
0.652000	0.315442
0.653000	0.316105
0.654000	0.316768
0.655000	0.317429
0.656000	0.318090
0.657000	0.318750
0.658000	0.319409
0.659000	0.320068
0.660000	0.320726
0.661000	0.321383
0.662000	0.322040
0.663000	0.322696
0.664000	0.323351
0.665000	0.324005
0.666000	0.324658
0.667000	0.325311
0.668000	0.325963
0.669000	0.326614
0.670000	0.327265
0.671000	0.327914
0.672000	0.328563
0.673000	0.329211
0.674000	0.329859
0.675000	0.330505
0.676000	0.331151
0.677000	0.331795
0.678000	0.332439
0.679000	0.333082
0.680000	0.333725
0.681000	0.334366
0.682000	0.335007
0.683000	0.335646
0.684000	0.336285
0.685000	0.336923
0.686000	0.337560
0.687000	0.338196
0.688000	0.338832
0.689000	0.339466
0.690000	0.340099
0.691000	0.340732
0.692000	0.341364
0.693000	0.341994
0.694000	0.342624
0.695000	0.343253
0.696000	0.343881
0.697000	0.344508
0.698000	0.345134
0.699000	0.345759
0.700000	0.346383
0.701000	0.347006
0.702000	0.347628
0.703000	0.348249
0.704000	0.348869
0.705000	0.349488
0.706000	0.350107
0.707000	0.350724
0.708000	0.351340
0.709000	0.351955
0.710000	0.352569
0.711000	0.353182
0.712000	0.353794
0.713000	0.354405
0.714000	0.355015
0.715000	0.355624
0.716000	0.356231
0.717000	0.356838
0.718000	0.357444
0.719000	0.358048
0.720000	0.358652
0.721000	0.359254
0.722000	0.359855
0.723000	0.360455
0.724000	0.361054
0.725000	0.361652
0.726000	0.362249
0.727000	0.362845
0.728000	0.363439
0.729000	0.364032
0.730000	0.364625
0.731000	0.365216
0.732000	0.365806
0.733000	0.366394
0.734000	0.366982
0.735000	0.367568
0.736000	0.368153
0.737000	0.368737
0.738000	0.369320
0.739000	0.369902
0.740000	0.370482
0.741000	0.371061
0.742000	0.371639
0.743000	0.372216
0.744000	0.372791
0.745000	0.373366
0.746000	0.373939
0.747000	0.374510
0.748000	0.375081
0.749000	0.375650
0.750000	0.376218
0.751000	0.376785
0.752000	0.377350
0.753000	0.377914
0.754000	0.378477
0.755000	0.379039
0.756000	0.379599
0.757000	0.380158
0.758000	0.380715
0.759000	0.381272
0.760000	0.381827
0.761000	0.382380
0.762000	0.382933
0.763000	0.383484
0.764000	0.384033
0.765000	0.384581
0.766000	0.385128
0.767000	0.385674
0.768000	0.386218
0.769000	0.386761
0.770000	0.387302
0.771000	0.387842
0.772000	0.388381
0.773000	0.388918
0.774000	0.389454
0.775000	0.389988
0.776000	0.390521
0.777000	0.391052
0.778000	0.391583
0.779000	0.392111
0.780000	0.392638
0.781000	0.393164
0.782000	0.393688
0.783000	0.394211
0.784000	0.394733
0.785000	0.395253
0.786000	0.395771
0.787000	0.396288
0.788000	0.396803
0.789000	0.397317
0.790000	0.397830
0.791000	0.398341
0.792000	0.398850
0.793000	0.399358
0.794000	0.399865
0.795000	0.400370
0.796000	0.400873
0.797000	0.401375
0.798000	0.401875
0.799000	0.402374
0.800000	0.402871
0.801000	0.403367
0.802000	0.403861
0.803000	0.404353
0.804000	0.404844
0.805000	0.405333
0.806000	0.405821
0.807000	0.406307
0.808000	0.406792
0.809000	0.407275
0.810000	0.407756
0.811000	0.408236
0.812000	0.408714
0.813000	0.409190
0.814000	0.409665
0.815000	0.410138
0.816000	0.410610
0.817000	0.411080
0.818000	0.411548
0.819000	0.412015
0.820000	0.412480
0.821000	0.412943
0.822000	0.413405
0.823000	0.413864
0.824000	0.414323
0.825000	0.414779
0.826000	0.415234
0.827000	0.415687
0.828000	0.416139
0.829000	0.416588
0.830000	0.417036
0.831000	0.417483
0.832000	0.417927
0.833000	0.418370
0.834000	0.418811
0.835000	0.419250
0.836000	0.419688
0.837000	0.420124
0.838000	0.420558
0.839000	0.420990
0.840000	0.421421
0.841000	0.421849
0.842000	0.422276
0.843000	0.422702
0.844000	0.423125
0.845000	0.423547
0.846000	0.423966
0.847000	0.424384
0.848000	0.424801
0.849000	0.425215
0.850000	0.425627
0.851000	0.426038
0.852000	0.426447
0.853000	0.426854
0.854000	0.427259
0.855000	0.427663
0.856000	0.428064
0.857000	0.428464
0.858000	0.428862
0.859000	0.429258
0.860000	0.429652
0.861000	0.430044
0.862000	0.430434
0.863000	0.430822
0.864000	0.431209
0.865000	0.431594
0.866000	0.431976
0.867000	0.432357
0.868000	0.432736
0.869000	0.433113
0.870000	0.433488
0.871000	0.433861
0.872000	0.434232
0.873000	0.434601
0.874000	0.434969
0.875000	0.435334
0.876000	0.435697
0.877000	0.436059
0.878000	0.436418
0.879000	0.436776
0.880000	0.437131
0.881000	0.437485
0.882000	0.437837
0.883000	0.438186
0.884000	0.438534
0.885000	0.438879
0.886000	0.439223
0.887000	0.439565
0.888000	0.439904
0.889000	0.440242
0.890000	0.440577
0.891000	0.440911
0.892000	0.441242
0.893000	0.441572
0.894000	0.441899
0.895000	0.442225
0.896000	0.442548
0.897000	0.442869
0.898000	0.443189
0.899000	0.443506
0.900000	0.443821
0.901000	0.444134
0.902000	0.444445
0.903000	0.444754
0.904000	0.445061
0.905000	0.445365
0.906000	0.445668
0.907000	0.445968
0.908000	0.446267
0.909000	0.446563
0.910000	0.446857
0.911000	0.447149
0.912000	0.447439
0.913000	0.447727
0.914000	0.448013
0.915000	0.448297
0.916000	0.448578
0.917000	0.448857
0.918000	0.449134
0.919000	0.449409
0.920000	0.449682
0.921000	0.449953
0.922000	0.450221
0.923000	0.450488
0.924000	0.450752
0.925000	0.451014
0.926000	0.451274
0.927000	0.451531
0.928000	0.451787
0.929000	0.452040
0.930000	0.452291
0.931000	0.452540
0.932000	0.452787
0.933000	0.453031
0.934000	0.453273
0.935000	0.453513
0.936000	0.453751
0.937000	0.453986
0.938000	0.454220
0.939000	0.454451
0.940000	0.454680
0.941000	0.454906
0.942000	0.455131
0.943000	0.455353
0.944000	0.455572
0.945000	0.455790
0.946000	0.456005
0.947000	0.456218
0.948000	0.456429
0.949000	0.456637
0.950000	0.456844
0.951000	0.457048
0.952000	0.457249
0.953000	0.457448
0.954000	0.457645
0.955000	0.457840
0.956000	0.458033
0.957000	0.458223
0.958000	0.458410
0.959000	0.458596
0.960000	0.458779
0.961000	0.458960
0.962000	0.459138
0.963000	0.459315
0.964000	0.459488
0.965000	0.459660
0.966000	0.459829
0.967000	0.459996
0.968000	0.460160
0.969000	0.460322
0.970000	0.460482
0.971000	0.460639
0.972000	0.460794
0.973000	0.460947
0.974000	0.461097
0.975000	0.461245
0.976000	0.461391
0.977000	0.461534
0.978000	0.461674
0.979000	0.461813
0.980000	0.461949
0.981000	0.462082
0.982000	0.462213
0.983000	0.462342
0.984000	0.462468
0.985000	0.462592
0.986000	0.462714
0.987000	0.462833
0.988000	0.462949
0.989000	0.463063
0.990000	0.463175
0.991000	0.463284
0.992000	0.463391
0.993000	0.463496
0.994000	0.463598
0.995000	0.463697
0.996000	0.463794
0.997000	0.463889
0.998000	0.463981
0.999000	0.464071
1.000000	0.464158
1.001000	0.464243
1.002000	0.464325
1.003000	0.464405
1.004000	0.464482
1.005000	0.464557
1.006000	0.464630
1.007000	0.464700
1.008000	0.464767
1.009000	0.464832
1.010000	0.464894
1.011000	0.464954
1.012000	0.465012
1.013000	0.465067
1.014000	0.465119
1.015000	0.465169
1.016000	0.465216
1.017000	0.465261
1.018000	0.465303
1.019000	0.465343
1.020000	0.465380
1.021000	0.465415
1.022000	0.465447
1.023000	0.465477
1.024000	0.465504
1.025000	0.465528
1.026000	0.465550
1.027000	0.465570
1.028000	0.465587
1.029000	0.465601
1.030000	0.465613
1.031000	0.465622
1.032000	0.465629
1.033000	0.465633
1.034000	0.465634
1.035000	0.465633
1.036000	0.465630
1.037000	0.465623
1.038000	0.465615
1.039000	0.465603
1.040000	0.465589
1.041000	0.465573
1.042000	0.465554
1.043000	0.465532
1.044000	0.465507
1.045000	0.465480
1.046000	0.465451
1.047000	0.465419
1.048000	0.465384
1.049000	0.465347
1.050000	0.465307
1.051000	0.465264
1.052000	0.465219
1.053000	0.465171
1.054000	0.465120
1.055000	0.465067
1.056000	0.465011
1.057000	0.464953
1.058000	0.464892
1.059000	0.464828
1.060000	0.464762
1.061000	0.464693
1.062000	0.464622
1.063000	0.464547
1.064000	0.464470
1.065000	0.464391
1.066000	0.464309
1.067000	0.464224
1.068000	0.464136
1.069000	0.464046
1.070000	0.463953
1.071000	0.463858
1.072000	0.463760
1.073000	0.463659
1.074000	0.463555
1.075000	0.463449
1.076000	0.463340
1.077000	0.463229
1.078000	0.463115
1.079000	0.462998
1.080000	0.462878
1.081000	0.462756
1.082000	0.462631
1.083000	0.462503
1.084000	0.462373
1.085000	0.462240
1.086000	0.462104
1.087000	0.461966
1.088000	0.461824
1.089000	0.461681
1.090000	0.461534
1.091000	0.461385
1.092000	0.461233
1.093000	0.461078
1.094000	0.460921
1.095000	0.460760
1.096000	0.460598
1.097000	0.460432
1.098000	0.460264
1.099000	0.460093
1.100000	0.459919
1.101000	0.459743
1.102000	0.459563
1.103000	0.459381
1.104000	0.459197
1.105000	0.459009
1.106000	0.458819
1.107000	0.458626
1.108000	0.458431
1.109000	0.458232
1.110000	0.458031
1.111000	0.457828
1.112000	0.457621
1.113000	0.457412
1.114000	0.457200
1.115000	0.456985
1.116000	0.456767
1.117000	0.456547
1.118000	0.456324
1.119000	0.456098
1.120000	0.455869
1.121000	0.455638
1.122000	0.455404
1.123000	0.455167
1.124000	0.454927
1.125000	0.454685
1.126000	0.454440
1.127000	0.454192
1.128000	0.453941
1.129000	0.453687
1.130000	0.453431
1.131000	0.453172
1.132000	0.452910
1.133000	0.452646
1.134000	0.452378
1.135000	0.452108
1.136000	0.451835
1.137000	0.451559
1.138000	0.451281
1.139000	0.451000
1.140000	0.450716
1.141000	0.450429
1.142000	0.450139
1.143000	0.449847
1.144000	0.449551
1.145000	0.449253
1.146000	0.448953
1.147000	0.448649
1.148000	0.448343
1.149000	0.448034
1.150000	0.447722
1.151000	0.447407
1.152000	0.447089
1.153000	0.446769
1.154000	0.446446
1.155000	0.446120
1.156000	0.445791
1.157000	0.445459
1.158000	0.445125
1.159000	0.444788
1.160000	0.444448
1.161000	0.444105
1.162000	0.443759
1.163000	0.443411
1.164000	0.443060
1.165000	0.442706
1.166000	0.442349
1.167000	0.441989
1.168000	0.441627
1.169000	0.441262
1.170000	0.440894
1.171000	0.440523
1.172000	0.440149
1.173000	0.439773
1.174000	0.439393
1.175000	0.439011
1.176000	0.438626
1.177000	0.438238
1.178000	0.437848
1.179000	0.437454
1.180000	0.437058
1.181000	0.436659
1.182000	0.436257
1.183000	0.435853
1.184000	0.435445
1.185000	0.435035
1.186000	0.434622
1.187000	0.434206
1.188000	0.433787
1.189000	0.433365
1.190000	0.432941
1.191000	0.432514
1.192000	0.432084
1.193000	0.431651
1.194000	0.431215
1.195000	0.430777
1.196000	0.430335
1.197000	0.429891
1.198000	0.429444
1.199000	0.428994
1.200000	0.428542
1.201000	0.428086
1.202000	0.427628
1.203000	0.427167
1.204000	0.426703
1.205000	0.426236
1.206000	0.425766
1.207000	0.425294
1.208000	0.424819
1.209000	0.424341
1.210000	0.423860
1.211000	0.423376
1.212000	0.422890
1.213000	0.422400
1.214000	0.421908
1.215000	0.421413
1.216000	0.420915
1.217000	0.420415
1.218000	0.419911
1.219000	0.419405
1.220000	0.418896
1.221000	0.418384
1.222000	0.417869
1.223000	0.417352
1.224000	0.416831
1.225000	0.416308
1.226000	0.415782
1.227000	0.415253
1.228000	0.414722
1.229000	0.414187
1.230000	0.413650
1.231000	0.413110
1.232000	0.412567
1.233000	0.412021
1.234000	0.411472
1.235000	0.410921
1.236000	0.410367
1.237000	0.409810
1.238000	0.409250
1.239000	0.408687
1.240000	0.408122
1.241000	0.407553
1.242000	0.406982
1.243000	0.406408
1.244000	0.405832
1.245000	0.405252
1.246000	0.404670
1.247000	0.404085
1.248000	0.403497
1.249000	0.402906
1.250000	0.402312
1.251000	0.401716
1.252000	0.401117
1.253000	0.400515
1.254000	0.399910
1.255000	0.399302
1.256000	0.398692
1.257000	0.398079
1.258000	0.397463
1.259000	0.396844
1.260000	0.396222
1.261000	0.395598
1.262000	0.394971
1.263000	0.394341
1.264000	0.393708
1.265000	0.393072
1.266000	0.392434
1.267000	0.391793
1.268000	0.391149
1.269000	0.390502
1.270000	0.389853
1.271000	0.389200
1.272000	0.388545
1.273000	0.387887
1.274000	0.387227
1.275000	0.386563
1.276000	0.385897
1.277000	0.385228
1.278000	0.384556
1.279000	0.383882
1.280000	0.383204
1.281000	0.382524
1.282000	0.381841
1.283000	0.381155
1.284000	0.380467
1.285000	0.379776
1.286000	0.379082
1.287000	0.378385
1.288000	0.377685
1.289000	0.376983
1.290000	0.376278
1.291000	0.375570
1.292000	0.374860
1.293000	0.374146
1.294000	0.373430
1.295000	0.372711
1.296000	0.371990
1.297000	0.371266
1.298000	0.370538
1.299000	0.369809
1.300000	0.369076
1.301000	0.368341
1.302000	0.367603
1.303000	0.366862
1.304000	0.366118
1.305000	0.365372
1.306000	0.364623
1.307000	0.363871
1.308000	0.363117
1.309000	0.362359
1.310000	0.361599
1.311000	0.360837
1.312000	0.360071
1.313000	0.359303
1.314000	0.358532
1.315000	0.357759
1.316000	0.356982
1.317000	0.356203
1.318000	0.355421
1.319000	0.354637
1.320000	0.353850
1.321000	0.353060
1.322000	0.352267
1.323000	0.351472
1.324000	0.350674
1.325000	0.349873
1.326000	0.349070
1.327000	0.348264
1.328000	0.347455
1.329000	0.346643
1.330000	0.345829
1.331000	0.345012
1.332000	0.344193
1.333000	0.343371
1.334000	0.342546
1.335000	0.341718
1.336000	0.340888
1.337000	0.340055
1.338000	0.339219
1.339000	0.338381
1.340000	0.337540
1.341000	0.336696
1.342000	0.335850
1.343000	0.335001
1.344000	0.334150
1.345000	0.333295
1.346000	0.332438
1.347000	0.331579
1.348000	0.330717
1.349000	0.329852
1.350000	0.328984
1.351000	0.328114
1.352000	0.327241
1.353000	0.326366
1.354000	0.325488
1.355000	0.324607
1.356000	0.323724
1.357000	0.322838
1.358000	0.321949
1.359000	0.321058
1.360000	0.320164
1.361000	0.319268
1.362000	0.318369
1.363000	0.317467
1.364000	0.316563
1.365000	0.315656
1.366000	0.314747
1.367000	0.313835
1.368000	0.312920
1.369000	0.312003
1.370000	0.311083
1.371000	0.310160
1.372000	0.309235
1.373000	0.308308
1.374000	0.307378
1.375000	0.306445
1.376000	0.305510
1.377000	0.304572
1.378000	0.303631
1.379000	0.302688
1.380000	0.301743
1.381000	0.300795
1.382000	0.299844
1.383000	0.298891
1.384000	0.297935
1.385000	0.296977
1.386000	0.296016
1.387000	0.295052
1.388000	0.294086
1.389000	0.293118
1.390000	0.292147
1.391000	0.291173
1.392000	0.290197
1.393000	0.289219
1.394000	0.288238
1.395000	0.287254
1.396000	0.286268
1.397000	0.285279
1.398000	0.284288
1.399000	0.283294
1.400000	0.282298
1.401000	0.281300
1.402000	0.280299
1.403000	0.279295
1.404000	0.278289
1.405000	0.277280
1.406000	0.276269
1.407000	0.275256
1.408000	0.274240
1.409000	0.273221
1.410000	0.272200
1.411000	0.271177
1.412000	0.270151
1.413000	0.269123
1.414000	0.268092
1.415000	0.267059
1.416000	0.266023
1.417000	0.264985
1.418000	0.263945
1.419000	0.262902
1.420000	0.261856
1.421000	0.260809
1.422000	0.259758
1.423000	0.258706
1.424000	0.257651
1.425000	0.256593
1.426000	0.255534
1.427000	0.254471
1.428000	0.253407
1.429000	0.252340
1.430000	0.251270
1.431000	0.250198
1.432000	0.249124
1.433000	0.248048
1.434000	0.246969
1.435000	0.245887
1.436000	0.244804
1.437000	0.243718
1.438000	0.242629
1.439000	0.241539
1.440000	0.240446
1.441000	0.239350
1.442000	0.238252
1.443000	0.237152
1.444000	0.236050
1.445000	0.234945
1.446000	0.233838
1.447000	0.232728
1.448000	0.231617
1.449000	0.230503
1.450000	0.229386
1.451000	0.228268
1.452000	0.227147
1.453000	0.226023
1.454000	0.224898
1.455000	0.223770
1.456000	0.222640
1.457000	0.221507
1.458000	0.220373
1.459000	0.219236
1.460000	0.218096
1.461000	0.216955
1.462000	0.215811
1.463000	0.214665
1.464000	0.213517
1.465000	0.212366
1.466000	0.211214
1.467000	0.210059
1.468000	0.208902
1.469000	0.207742
1.470000	0.206580
1.471000	0.205417
1.472000	0.204250
1.473000	0.203082
1.474000	0.201912
1.475000	0.200739
1.476000	0.199564
1.477000	0.198387
1.478000	0.197208
1.479000	0.196026
1.480000	0.194843
1.481000	0.193657
1.482000	0.192469
1.483000	0.191279
1.484000	0.190086
1.485000	0.188892
1.486000	0.187695
1.487000	0.186497
1.488000	0.185296
1.489000	0.184093
1.490000	0.182887
1.491000	0.181680
1.492000	0.180471
1.493000	0.179259
1.494000	0.178046
1.495000	0.176830
1.496000	0.175612
1.497000	0.174392
1.498000	0.173170
1.499000	0.171946
1.500000	0.170720
1.501000	0.169492
1.502000	0.168261
1.503000	0.167029
1.504000	0.165794
1.505000	0.164558
1.506000	0.163319
1.507000	0.162079
1.508000	0.160836
1.509000	0.159591
1.510000	0.158344
1.511000	0.157096
1.512000	0.155845
1.513000	0.154592
1.514000	0.153337
1.515000	0.152080
1.516000	0.150822
1.517000	0.149561
1.518000	0.148298
1.519000	0.147033
1.520000	0.145766
1.521000	0.144498
1.522000	0.143227
1.523000	0.141954
1.524000	0.140679
1.525000	0.139403
1.526000	0.138124
1.527000	0.136844
1.528000	0.135561
1.529000	0.134277
1.530000	0.132991
1.531000	0.131702
1.532000	0.130412
1.533000	0.129120
1.534000	0.127826
1.535000	0.126530
1.536000	0.125233
1.537000	0.123933
1.538000	0.122632
1.539000	0.121328
1.540000	0.120023
1.541000	0.118716
1.542000	0.117407
1.543000	0.116096
1.544000	0.114783
1.545000	0.113468
1.546000	0.112152
1.547000	0.110834
1.548000	0.109514
1.549000	0.108192
1.550000	0.106868
1.551000	0.105543
1.552000	0.104215
1.553000	0.102886
1.554000	0.101555
1.555000	0.100222
1.556000	0.098888
1.557000	0.097552
1.558000	0.096214
1.559000	0.094874
1.560000	0.093532
1.561000	0.092189
1.562000	0.090844
1.563000	0.089497
1.564000	0.088148
1.565000	0.086798
1.566000	0.085446
1.567000	0.084092
1.568000	0.082737
1.569000	0.081380
1.570000	0.080021
1.571000	0.078660
1.572000	0.077298
1.573000	0.075934
1.574000	0.074568
1.575000	0.073201
1.576000	0.071832
1.577000	0.070461
1.578000	0.069089
1.579000	0.067715
1.580000	0.066339
1.581000	0.064962
1.582000	0.063583
1.583000	0.062203
1.584000	0.060821
1.585000	0.059437
1.586000	0.058052
1.587000	0.056665
1.588000	0.055276
1.589000	0.053886
1.590000	0.052494
1.591000	0.051101
1.592000	0.049706
1.593000	0.048310
1.594000	0.046912
1.595000	0.045512
1.596000	0.044111
1.597000	0.042709
1.598000	0.041304
1.599000	0.039899
1.600000	0.038492
1.601000	0.037083
1.602000	0.035673
1.603000	0.034261
1.604000	0.032848
1.605000	0.031433
1.606000	0.030017
1.607000	0.028599
1.608000	0.027180
1.609000	0.025759
1.610000	0.024337
1.611000	0.022914
1.612000	0.021489
1.613000	0.020062
1.614000	0.018635
1.615000	0.017205
1.616000	0.015775
1.617000	0.014342
1.618000	0.012909
1.619000	0.011474
1.620000	0.010038
1.621000	0.008600
1.622000	0.007161
1.623000	0.005721
1.624000	0.004279
1.625000	0.002836
1.626000	0.001391
1.627000	-0.000055
1.628000	-0.001502
1.629000	-0.002951
1.630000	-0.004401
1.631000	-0.005852
1.632000	-0.007304
1.633000	-0.008758
1.634000	-0.010213
1.635000	-0.011670
1.636000	-0.013127
1.637000	-0.014586
1.638000	-0.016047
1.639000	-0.017508
1.640000	-0.018971
1.641000	-0.020435
1.642000	-0.021900
1.643000	-0.023367
1.644000	-0.024835
1.645000	-0.026304
1.646000	-0.027774
1.647000	-0.029246
1.648000	-0.030718
1.649000	-0.032192
1.650000	-0.033667
1.651000	-0.035144
1.652000	-0.036621
1.653000	-0.038100
1.654000	-0.039579
1.655000	-0.041060
1.656000	-0.042542
1.657000	-0.044026
1.658000	-0.045510
1.659000	-0.046996
1.660000	-0.048482
1.661000	-0.049970
1.662000	-0.051459
1.663000	-0.052949
1.664000	-0.054440
1.665000	-0.055932
1.666000	-0.057426
1.667000	-0.058920
1.668000	-0.060415
1.669000	-0.061912
1.670000	-0.063409
1.671000	-0.064908
1.672000	-0.066408
1.673000	-0.067908
1.674000	-0.069410
1.675000	-0.070913
1.676000	-0.072416
1.677000	-0.073921
1.678000	-0.075427
1.679000	-0.076934
1.680000	-0.078441
1.681000	-0.079950
1.682000	-0.081460
1.683000	-0.082971
1.684000	-0.084482
1.685000	-0.085995
1.686000	-0.087508
1.687000	-0.089023
1.688000	-0.090538
1.689000	-0.092054
1.690000	-0.093572
1.691000	-0.095090
1.692000	-0.096609
1.693000	-0.098129
1.694000	-0.099650
1.695000	-0.101171
1.696000	-0.102694
1.697000	-0.104217
1.698000	-0.105742
1.699000	-0.107267
1.700000	-0.108793
1.701000	-0.110320
1.702000	-0.111847
1.703000	-0.113376
1.704000	-0.114905
1.705000	-0.116435
1.706000	-0.117966
1.707000	-0.119498
1.708000	-0.121030
1.709000	-0.122564
1.710000	-0.124098
1.711000	-0.125632
1.712000	-0.127168
1.713000	-0.128704
1.714000	-0.130241
1.715000	-0.131779
1.716000	-0.133318
1.717000	-0.134857
1.718000	-0.136397
1.719000	-0.137938
1.720000	-0.139479
1.721000	-0.141021
1.722000	-0.142564
1.723000	-0.144107
1.724000	-0.145651
1.725000	-0.147196
1.726000	-0.148741
1.727000	-0.150287
1.728000	-0.151834
1.729000	-0.153381
1.730000	-0.154929
1.731000	-0.156478
1.732000	-0.158027
1.733000	-0.159577
1.734000	-0.161127
1.735000	-0.162678
1.736000	-0.164230
1.737000	-0.165782
1.738000	-0.167334
1.739000	-0.168888
1.740000	-0.170441
1.741000	-0.171996
1.742000	-0.173551
1.743000	-0.175106
1.744000	-0.176662
1.745000	-0.178218
1.746000	-0.179775
1.747000	-0.181333
1.748000	-0.182890
1.749000	-0.184449
1.750000	-0.186008
1.751000	-0.187567
1.752000	-0.189127
1.753000	-0.190687
1.754000	-0.192248
1.755000	-0.193809
1.756000	-0.195370
1.757000	-0.196932
1.758000	-0.198495
1.759000	-0.200057
1.760000	-0.201621
1.761000	-0.203184
1.762000	-0.204748
1.763000	-0.206312
1.764000	-0.207877
1.765000	-0.209442
1.766000	-0.211007
1.767000	-0.212573
1.768000	-0.214139
1.769000	-0.215706
1.770000	-0.217272
1.771000	-0.218839
1.772000	-0.220407
1.773000	-0.221974
1.774000	-0.223542
1.775000	-0.225110
1.776000	-0.226679
1.777000	-0.228248
1.778000	-0.229817
1.779000	-0.231386
1.780000	-0.232955
1.781000	-0.234525
1.782000	-0.236095
1.783000	-0.237665
1.784000	-0.239236
1.785000	-0.240806
1.786000	-0.242377
1.787000	-0.243948
1.788000	-0.245519
1.789000	-0.247091
1.790000	-0.248662
1.791000	-0.250234
1.792000	-0.251806
1.793000	-0.253377
1.794000	-0.254950
1.795000	-0.256522
1.796000	-0.258094
1.797000	-0.259667
1.798000	-0.261239
1.799000	-0.262812
1.800000	-0.264384
1.801000	-0.265957
1.802000	-0.267530
1.803000	-0.269103
1.804000	-0.270676
1.805000	-0.272249
1.806000	-0.273822
1.807000	-0.275395
1.808000	-0.276969
1.809000	-0.278542
1.810000	-0.280115
1.811000	-0.281688
1.812000	-0.283261
1.813000	-0.284834
1.814000	-0.286408
1.815000	-0.287981
1.816000	-0.289554
1.817000	-0.291127
1.818000	-0.292700
1.819000	-0.294273
1.820000	-0.295845
1.821000	-0.297418
1.822000	-0.298991
1.823000	-0.300563
1.824000	-0.302136
1.825000	-0.303708
1.826000	-0.305280
1.827000	-0.306853
1.828000	-0.308425
1.829000	-0.309996
1.830000	-0.311568
1.831000	-0.313140
1.832000	-0.314711
1.833000	-0.316282
1.834000	-0.317853
1.835000	-0.319424
1.836000	-0.320995
1.837000	-0.322565
1.838000	-0.324135
1.839000	-0.325705
1.840000	-0.327275
1.841000	-0.328845
1.842000	-0.330414
1.843000	-0.331983
1.844000	-0.333552
1.845000	-0.335120
1.846000	-0.336689
1.847000	-0.338256
1.848000	-0.339824
1.849000	-0.341391
1.850000	-0.342959
1.851000	-0.344525
1.852000	-0.346092
1.853000	-0.347658
1.854000	-0.349223
1.855000	-0.350789
1.856000	-0.352354
1.857000	-0.353919
1.858000	-0.355483
1.859000	-0.357047
1.860000	-0.358610
1.861000	-0.360173
1.862000	-0.361736
1.863000	-0.363298
1.864000	-0.364860
1.865000	-0.366422
1.866000	-0.367983
1.867000	-0.369543
1.868000	-0.371104
1.869000	-0.372663
1.870000	-0.374222
1.871000	-0.375781
1.872000	-0.377339
1.873000	-0.378897
1.874000	-0.380454
1.875000	-0.382011
1.876000	-0.383567
1.877000	-0.385123
1.878000	-0.386678
1.879000	-0.388233
1.880000	-0.389787
1.881000	-0.391340
1.882000	-0.392893
1.883000	-0.394446
1.884000	-0.395998
1.885000	-0.397549
1.886000	-0.399099
1.887000	-0.400649
1.888000	-0.402199
1.889000	-0.403748
1.890000	-0.405296
1.891000	-0.406843
1.892000	-0.408390
1.893000	-0.409936
1.894000	-0.411482
1.895000	-0.413027
1.896000	-0.414571
1.897000	-0.416115
1.898000	-0.417658
1.899000	-0.419200
1.900000	-0.420741
1.901000	-0.422282
1.902000	-0.423822
1.903000	-0.425361
1.904000	-0.426900
1.905000	-0.428437
1.906000	-0.429974
1.907000	-0.431511
1.908000	-0.433046
1.909000	-0.434581
1.910000	-0.436115
1.911000	-0.437648
1.912000	-0.439180
1.913000	-0.440712
1.914000	-0.442242
1.915000	-0.443772
1.916000	-0.445301
1.917000	-0.446830
1.918000	-0.448357
1.919000	-0.449883
1.920000	-0.451409
1.921000	-0.452934
1.922000	-0.454457
1.923000	-0.455980
1.924000	-0.457502
1.925000	-0.459024
1.926000	-0.460544
1.927000	-0.462063
1.928000	-0.463582
1.929000	-0.465099
1.930000	-0.466615
1.931000	-0.468131
1.932000	-0.469645
1.933000	-0.471159
1.934000	-0.472672
1.935000	-0.474183
1.936000	-0.475694
1.937000	-0.477204
1.938000	-0.478712
1.939000	-0.480220
1.940000	-0.481726
1.941000	-0.483232
1.942000	-0.484736
1.943000	-0.486240
1.944000	-0.487742
1.945000	-0.489243
1.946000	-0.490744
1.947000	-0.492243
1.948000	-0.493741
1.949000	-0.495238
1.950000	-0.496734
1.951000	-0.498228
1.952000	-0.499722
1.953000	-0.501215
1.954000	-0.502706
1.955000	-0.504196
1.956000	-0.505685
1.957000	-0.507173
1.958000	-0.508660
1.959000	-0.510145
1.960000	-0.511630
1.961000	-0.513113
1.962000	-0.514595
1.963000	-0.516076
1.964000	-0.517555
1.965000	-0.519033
1.966000	-0.520511
1.967000	-0.521986
1.968000	-0.523461
1.969000	-0.524934
1.970000	-0.526406
1.971000	-0.527877
1.972000	-0.529347
1.973000	-0.530815
1.974000	-0.532282
1.975000	-0.533747
1.976000	-0.535212
1.977000	-0.536675
1.978000	-0.538136
1.979000	-0.539597
1.980000	-0.541056
1.981000	-0.542513
1.982000	-0.543970
1.983000	-0.545425
1.984000	-0.546878
1.985000	-0.548330
1.986000	-0.549781
1.987000	-0.551230
1.988000	-0.552678
1.989000	-0.554125
1.990000	-0.555570
1.991000	-0.557014
1.992000	-0.558456
1.993000	-0.559897
1.994000	-0.561336
1.995000	-0.562774
1.996000	-0.564211
1.997000	-0.565646
1.998000	-0.567079
1.999000	-0.568511
2.000000	-0.569942
2.001000	-0.571371
2.002000	-0.572798
2.003000	-0.574224
2.004000	-0.575649
2.005000	-0.577072
2.006000	-0.578493
2.007000	-0.579913
2.008000	-0.581331
2.009000	-0.582748
2.010000	-0.584163
2.011000	-0.585576
2.012000	-0.586988
2.013000	-0.588399
2.014000	-0.589807
2.015000	-0.591215
2.016000	-0.592620
2.017000	-0.594024
2.018000	-0.595426
2.019000	-0.596827
2.020000	-0.598226
2.021000	-0.599623
2.022000	-0.601019
2.023000	-0.602413
2.024000	-0.603805
2.025000	-0.605195
2.026000	-0.606584
2.027000	-0.607971
2.028000	-0.609357
2.029000	-0.610741
2.030000	-0.612123
2.031000	-0.613503
2.032000	-0.614882
2.033000	-0.616258
2.034000	-0.617633
2.035000	-0.619007
2.036000	-0.620378
2.037000	-0.621748
2.038000	-0.623116
2.039000	-0.624482
2.040000	-0.625846
2.041000	-0.627209
2.042000	-0.628570
2.043000	-0.629928
2.044000	-0.631285
2.045000	-0.632641
2.046000	-0.633994
2.047000	-0.635346
2.048000	-0.636695
2.049000	-0.638043
2.050000	-0.639389
2.051000	-0.640733
2.052000	-0.642075
2.053000	-0.643415
2.054000	-0.644754
2.055000	-0.646090
2.056000	-0.647425
2.057000	-0.648757
2.058000	-0.650088
2.059000	-0.651417
2.060000	-0.652743
2.061000	-0.654068
2.062000	-0.655391
2.063000	-0.656712
2.064000	-0.658031
2.065000	-0.659348
2.066000	-0.660662
2.067000	-0.661975
2.068000	-0.663286
2.069000	-0.664595
2.070000	-0.665902
2.071000	-0.667207
2.072000	-0.668510
2.073000	-0.669810
2.074000	-0.671109
2.075000	-0.672406
2.076000	-0.673700
2.077000	-0.674993
2.078000	-0.676283
2.079000	-0.677571
2.080000	-0.678858
2.081000	-0.680142
2.082000	-0.681424
2.083000	-0.682704
2.084000	-0.683981
2.085000	-0.685257
2.086000	-0.686531
2.087000	-0.687802
2.088000	-0.689071
2.089000	-0.690338
2.090000	-0.691603
2.091000	-0.692866
2.092000	-0.694126
2.093000	-0.695385
2.094000	-0.696641
2.095000	-0.697895
2.096000	-0.699147
2.097000	-0.700396
2.098000	-0.701643
2.099000	-0.702889
2.100000	-0.704131
2.101000	-0.705372
2.102000	-0.706610
2.103000	-0.707846
2.104000	-0.709080
2.105000	-0.710312
2.106000	-0.711541
2.107000	-0.712768
2.108000	-0.713993
2.109000	-0.715215
2.110000	-0.716435
2.111000	-0.717653
2.112000	-0.718869
2.113000	-0.720082
2.114000	-0.721293
2.115000	-0.722501
2.116000	-0.723707
2.117000	-0.724911
2.118000	-0.726112
2.119000	-0.727311
2.120000	-0.728508
2.121000	-0.729702
2.122000	-0.730894
2.123000	-0.732084
2.124000	-0.733271
2.125000	-0.734455
2.126000	-0.735638
2.127000	-0.736818
2.128000	-0.737995
2.129000	-0.739170
2.130000	-0.740343
2.131000	-0.741513
2.132000	-0.742680
2.133000	-0.743846
2.134000	-0.745008
2.135000	-0.746169
2.136000	-0.747326
2.137000	-0.748482
2.138000	-0.749634
2.139000	-0.750785
2.140000	-0.751932
2.141000	-0.753078
2.142000	-0.754221
2.143000	-0.755361
2.144000	-0.756498
2.145000	-0.757634
2.146000	-0.758766
2.147000	-0.759896
2.148000	-0.761024
2.149000	-0.762149
2.150000	-0.763271
2.151000	-0.764391
2.152000	-0.765508
2.153000	-0.766623
2.154000	-0.767734
2.155000	-0.768844
2.156000	-0.769951
2.157000	-0.771055
2.158000	-0.772156
2.159000	-0.773255
2.160000	-0.774352
2.161000	-0.775445
2.162000	-0.776536
2.163000	-0.777624
2.164000	-0.778710
2.165000	-0.779793
2.166000	-0.780873
2.167000	-0.781951
2.168000	-0.783026
2.169000	-0.784098
2.170000	-0.785168
2.171000	-0.786235
2.172000	-0.787299
2.173000	-0.788360
2.174000	-0.789419
2.175000	-0.790475
2.176000	-0.791528
2.177000	-0.792579
2.178000	-0.793626
2.179000	-0.794671
2.180000	-0.795714
2.181000	-0.796753
2.182000	-0.797790
2.183000	-0.798824
2.184000	-0.799855
2.185000	-0.800883
2.186000	-0.801908
2.187000	-0.802931
2.188000	-0.803951
2.189000	-0.804968
2.190000	-0.805982
2.191000	-0.806994
2.192000	-0.808003
2.193000	-0.809008
2.194000	-0.810011
2.195000	-0.811011
2.196000	-0.812009
2.197000	-0.813003
2.198000	-0.813994
2.199000	-0.814983
2.200000	-0.815969
2.201000	-0.816952
2.202000	-0.817932
2.203000	-0.818909
2.204000	-0.819883
2.205000	-0.820854
2.206000	-0.821822
2.207000	-0.822788
2.208000	-0.823750
2.209000	-0.824710
2.210000	-0.825666
2.211000	-0.826620
2.212000	-0.827571
2.213000	-0.828518
2.214000	-0.829463
2.215000	-0.830405
2.216000	-0.831344
2.217000	-0.832280
2.218000	-0.833213
2.219000	-0.834143
2.220000	-0.835070
2.221000	-0.835993
2.222000	-0.836914
2.223000	-0.837832
2.224000	-0.838747
2.225000	-0.839659
2.226000	-0.840568
2.227000	-0.841474
2.228000	-0.842376
2.229000	-0.843276
2.230000	-0.844173
2.231000	-0.845066
2.232000	-0.845957
2.233000	-0.846844
2.234000	-0.847729
2.235000	-0.848610
2.236000	-0.849488
2.237000	-0.850363
2.238000	-0.851236
2.239000	-0.852105
2.240000	-0.852970
2.241000	-0.853833
2.242000	-0.854693
2.243000	-0.855549
2.244000	-0.856403
2.245000	-0.857253
2.246000	-0.858100
2.247000	-0.858944
2.248000	-0.859785
2.249000	-0.860623
2.250000	-0.861457
2.251000	-0.862289
2.252000	-0.863117
2.253000	-0.863942
2.254000	-0.864764
2.255000	-0.865582
2.256000	-0.866398
2.257000	-0.867210
2.258000	-0.868019
2.259000	-0.868825
2.260000	-0.869628
2.261000	-0.870427
2.262000	-0.871224
2.263000	-0.872017
2.264000	-0.872807
2.265000	-0.873593
2.266000	-0.874377
2.267000	-0.875157
2.268000	-0.875934
2.269000	-0.876707
2.270000	-0.877478
2.271000	-0.878245
2.272000	-0.879008
2.273000	-0.879769
2.274000	-0.880526
2.275000	-0.881280
2.276000	-0.882031
2.277000	-0.882779
2.278000	-0.883523
2.279000	-0.884264
2.280000	-0.885001
2.281000	-0.885735
2.282000	-0.886466
2.283000	-0.887194
2.284000	-0.887918
2.285000	-0.888639
2.286000	-0.889357
2.287000	-0.890071
2.288000	-0.890782
2.289000	-0.891490
2.290000	-0.892194
2.291000	-0.892895
2.292000	-0.893592
2.293000	-0.894287
2.294000	-0.894977
2.295000	-0.895665
2.296000	-0.896349
2.297000	-0.897030
2.298000	-0.897707
2.299000	-0.898381
2.300000	-0.899051
2.301000	-0.899719
2.302000	-0.900382
2.303000	-0.901043
2.304000	-0.901700
2.305000	-0.902353
2.306000	-0.903003
2.307000	-0.903650
2.308000	-0.904293
2.309000	-0.904933
2.310000	-0.905569
2.311000	-0.906202
2.312000	-0.906832
2.313000	-0.907458
2.314000	-0.908080
2.315000	-0.908699
2.316000	-0.909315
2.317000	-0.909927
2.318000	-0.910536
2.319000	-0.911141
2.320000	-0.911743
2.321000	-0.912341
2.322000	-0.912936
2.323000	-0.913527
2.324000	-0.914115
2.325000	-0.914700
2.326000	-0.915280
2.327000	-0.915858
2.328000	-0.916432
2.329000	-0.917002
2.330000	-0.917569
2.331000	-0.918132
2.332000	-0.918692
2.333000	-0.919248
2.334000	-0.919801
2.335000	-0.920350
2.336000	-0.920895
2.337000	-0.921437
2.338000	-0.921976
2.339000	-0.922511
2.340000	-0.923042
2.341000	-0.923570
2.342000	-0.924094
2.343000	-0.924615
2.344000	-0.925132
2.345000	-0.925646
2.346000	-0.926156
2.347000	-0.926662
2.348000	-0.927165
2.349000	-0.927664
2.350000	-0.928160
2.351000	-0.928652
2.352000	-0.929141
2.353000	-0.929625
2.354000	-0.930107
2.355000	-0.930584
2.356000	-0.931058
2.357000	-0.931529
2.358000	-0.931996
2.359000	-0.932459
2.360000	-0.932918
2.361000	-0.933374
2.362000	-0.933827
2.363000	-0.934275
2.364000	-0.934720
2.365000	-0.935162
2.366000	-0.935600
2.367000	-0.936034
2.368000	-0.936464
2.369000	-0.936891
2.370000	-0.937314
2.371000	-0.937734
2.372000	-0.938149
2.373000	-0.938562
2.374000	-0.938970
2.375000	-0.939375
2.376000	-0.939776
2.377000	-0.940174
2.378000	-0.940567
2.379000	-0.940957
2.380000	-0.941344
2.381000	-0.941727
2.382000	-0.942106
2.383000	-0.942481
2.384000	-0.942852
2.385000	-0.943220
2.386000	-0.943585
2.387000	-0.943945
2.388000	-0.944302
2.389000	-0.944655
2.390000	-0.945004
2.391000	-0.945350
2.392000	-0.945692
2.393000	-0.946030
2.394000	-0.946365
2.395000	-0.946695
2.396000	-0.947022
2.397000	-0.947346
2.398000	-0.947665
2.399000	-0.947981
2.400000	-0.948293
2.401000	-0.948601
2.402000	-0.948906
2.403000	-0.949207
2.404000	-0.949504
2.405000	-0.949797
2.406000	-0.950087
2.407000	-0.950373
2.408000	-0.950655
2.409000	-0.950933
2.410000	-0.951207
2.411000	-0.951478
2.412000	-0.951745
2.413000	-0.952008
2.414000	-0.952268
2.415000	-0.952523
2.416000	-0.952775
2.417000	-0.953023
2.418000	-0.953267
2.419000	-0.953508
2.420000	-0.953744
2.421000	-0.953977
2.422000	-0.954206
2.423000	-0.954432
2.424000	-0.954653
2.425000	-0.954871
2.426000	-0.955085
2.427000	-0.955295
2.428000	-0.955501
2.429000	-0.955703
2.430000	-0.955902
2.431000	-0.956097
2.432000	-0.956288
2.433000	-0.956475
2.434000	-0.956658
2.435000	-0.956838
2.436000	-0.957014
2.437000	-0.957186
2.438000	-0.957354
2.439000	-0.957518
2.440000	-0.957678
2.441000	-0.957835
2.442000	-0.957988
2.443000	-0.958136
2.444000	-0.958282
2.445000	-0.958423
2.446000	-0.958560
2.447000	-0.958694
2.448000	-0.958823
2.449000	-0.958949
2.450000	-0.959071
2.451000	-0.959189
2.452000	-0.959303
2.453000	-0.959414
2.454000	-0.959520
2.455000	-0.959623
2.456000	-0.959722
2.457000	-0.959817
2.458000	-0.959908
2.459000	-0.959995
2.460000	-0.960079
2.461000	-0.960158
2.462000	-0.960234
2.463000	-0.960306
2.464000	-0.960374
2.465000	-0.960438
2.466000	-0.960498
2.467000	-0.960554
2.468000	-0.960606
2.469000	-0.960655
2.470000	-0.960700
2.471000	-0.960740
2.472000	-0.960777
2.473000	-0.960810
2.474000	-0.960839
2.475000	-0.960865
2.476000	-0.960886
2.477000	-0.960903
2.478000	-0.960917
2.479000	-0.960927
2.480000	-0.960933
2.481000	-0.960934
2.482000	-0.960932
2.483000	-0.960927
2.484000	-0.960917
2.485000	-0.960903
2.486000	-0.960886
2.487000	-0.960864
2.488000	-0.960839
2.489000	-0.960809
2.490000	-0.960776
2.491000	-0.960739
2.492000	-0.960698
2.493000	-0.960653
2.494000	-0.960604
2.495000	-0.960552
2.496000	-0.960495
2.497000	-0.960435
2.498000	-0.960370
2.499000	-0.960302
2.500000	-0.960230
2.501000	-0.960154
2.502000	-0.960074
2.503000	-0.959990
2.504000	-0.959902
2.505000	-0.959810
2.506000	-0.959714
2.507000	-0.959615
2.508000	-0.959511
2.509000	-0.959404
2.510000	-0.959292
2.511000	-0.959177
2.512000	-0.959058
2.513000	-0.958935
2.514000	-0.958808
2.515000	-0.958677
2.516000	-0.958542
2.517000	-0.958403
2.518000	-0.958261
2.519000	-0.958114
2.520000	-0.957964
2.521000	-0.957809
2.522000	-0.957651
2.523000	-0.957488
2.524000	-0.957322
2.525000	-0.957152
2.526000	-0.956978
2.527000	-0.956800
2.528000	-0.956618
2.529000	-0.956433
2.530000	-0.956243
2.531000	-0.956049
2.532000	-0.955852
2.533000	-0.955650
2.534000	-0.955445
2.535000	-0.955235
2.536000	-0.955022
2.537000	-0.954805
2.538000	-0.954584
2.539000	-0.954359
2.540000	-0.954130
2.541000	-0.953897
2.542000	-0.953661
2.543000	-0.953420
2.544000	-0.953175
2.545000	-0.952927
2.546000	-0.952674
2.547000	-0.952418
2.548000	-0.952158
2.549000	-0.951894
2.550000	-0.951625
2.551000	-0.951353
2.552000	-0.951077
2.553000	-0.950798
2.554000	-0.950514
2.555000	-0.950226
2.556000	-0.949935
2.557000	-0.949639
2.558000	-0.949340
2.559000	-0.949036
2.560000	-0.948729
2.561000	-0.948418
2.562000	-0.948103
2.563000	-0.947784
2.564000	-0.947461
2.565000	-0.947134
2.566000	-0.946803
2.567000	-0.946469
2.568000	-0.946130
2.569000	-0.945788
2.570000	-0.945441
2.571000	-0.945091
2.572000	-0.944737
2.573000	-0.944379
2.574000	-0.944017
2.575000	-0.943651
2.576000	-0.943281
2.577000	-0.942907
2.578000	-0.942530
2.579000	-0.942148
2.580000	-0.941763
2.581000	-0.941374
2.582000	-0.940980
2.583000	-0.940583
2.584000	-0.940182
2.585000	-0.939777
2.586000	-0.939369
2.587000	-0.938956
2.588000	-0.938539
2.589000	-0.938119
2.590000	-0.937695
2.591000	-0.937266
2.592000	-0.936834
2.593000	-0.936398
2.594000	-0.935958
2.595000	-0.935515
2.596000	-0.935067
2.597000	-0.934615
2.598000	-0.934160
2.599000	-0.933701
2.600000	-0.933238
2.601000	-0.932771
2.602000	-0.932300
2.603000	-0.931825
2.604000	-0.931346
2.605000	-0.930864
2.606000	-0.930377
2.607000	-0.929887
2.608000	-0.929393
2.609000	-0.928895
2.610000	-0.928393
2.611000	-0.927887
2.612000	-0.927378
2.613000	-0.926864
2.614000	-0.926347
2.615000	-0.925826
2.616000	-0.925301
2.617000	-0.924772
2.618000	-0.924239
2.619000	-0.923703
2.620000	-0.923162
2.621000	-0.922618
2.622000	-0.922070
2.623000	-0.921518
2.624000	-0.920962
2.625000	-0.920402
2.626000	-0.919839
2.627000	-0.919272
2.628000	-0.918700
2.629000	-0.918125
2.630000	-0.917547
2.631000	-0.916964
2.632000	-0.916378
2.633000	-0.915787
2.634000	-0.915193
2.635000	-0.914595
2.636000	-0.913994
2.637000	-0.913388
2.638000	-0.912779
2.639000	-0.912166
2.640000	-0.911549
2.641000	-0.910928
2.642000	-0.910303
2.643000	-0.909675
2.644000	-0.909043
2.645000	-0.908407
2.646000	-0.907767
2.647000	-0.907123
2.648000	-0.906476
2.649000	-0.905825
2.650000	-0.905170
2.651000	-0.904511
2.652000	-0.903848
2.653000	-0.903182
2.654000	-0.902512
2.655000	-0.901838
2.656000	-0.901161
2.657000	-0.900479
2.658000	-0.899794
2.659000	-0.899105
2.660000	-0.898412
2.661000	-0.897716
2.662000	-0.897016
2.663000	-0.896312
2.664000	-0.895604
2.665000	-0.894893
2.666000	-0.894177
2.667000	-0.893458
2.668000	-0.892736
2.669000	-0.892009
2.670000	-0.891279
2.671000	-0.890545
2.672000	-0.889807
2.673000	-0.889066
2.674000	-0.888321
2.675000	-0.887572
2.676000	-0.886819
2.677000	-0.886063
2.678000	-0.885303
2.679000	-0.884539
2.680000	-0.883772
2.681000	-0.883001
2.682000	-0.882226
2.683000	-0.881448
2.684000	-0.880665
2.685000	-0.879879
2.686000	-0.879090
2.687000	-0.878296
2.688000	-0.877499
2.689000	-0.876699
2.690000	-0.875894
2.691000	-0.875086
2.692000	-0.874275
2.693000	-0.873459
2.694000	-0.872640
2.695000	-0.871818
2.696000	-0.870991
2.697000	-0.870161
2.698000	-0.869327
2.699000	-0.868490
2.700000	-0.867649
2.701000	-0.866804
2.702000	-0.865956
2.703000	-0.865104
2.704000	-0.864249
2.705000	-0.863389
2.706000	-0.862527
2.707000	-0.861660
2.708000	-0.860790
2.709000	-0.859916
2.710000	-0.859039
2.711000	-0.858158
2.712000	-0.857274
2.713000	-0.856386
2.714000	-0.855494
2.715000	-0.854598
2.716000	-0.853700
2.717000	-0.852797
2.718000	-0.851891
2.719000	-0.850981
2.720000	-0.850068
2.721000	-0.849151
2.722000	-0.848231
2.723000	-0.847307
2.724000	-0.846379
2.725000	-0.845448
2.726000	-0.844513
2.727000	-0.843575
2.728000	-0.842633
2.729000	-0.841688
2.730000	-0.840739
2.731000	-0.839787
2.732000	-0.838831
2.733000	-0.837871
2.734000	-0.836908
2.735000	-0.835942
2.736000	-0.834972
2.737000	-0.833998
2.738000	-0.833021
2.739000	-0.832041
2.740000	-0.831056
2.741000	-0.830069
2.742000	-0.829078
2.743000	-0.828083
2.744000	-0.827085
2.745000	-0.826084
2.746000	-0.825079
2.747000	-0.824070
2.748000	-0.823058
2.749000	-0.822043
2.750000	-0.821024
2.751000	-0.820001
2.752000	-0.818976
2.753000	-0.817946
2.754000	-0.816914
2.755000	-0.815877
2.756000	-0.814838
2.757000	-0.813795
2.758000	-0.812748
2.759000	-0.811698
2.760000	-0.810645
2.761000	-0.809588
2.762000	-0.808528
2.763000	-0.807465
2.764000	-0.806398
2.765000	-0.805327
2.766000	-0.804254
2.767000	-0.803176
2.768000	-0.802096
2.769000	-0.801012
2.770000	-0.799925
2.771000	-0.798834
2.772000	-0.797740
2.773000	-0.796643
2.774000	-0.795542
2.775000	-0.794438
2.776000	-0.793330
2.777000	-0.792219
2.778000	-0.791105
2.779000	-0.789988
2.780000	-0.788867
2.781000	-0.787743
2.782000	-0.786615
2.783000	-0.785485
2.784000	-0.784351
2.785000	-0.783213
2.786000	-0.782073
2.787000	-0.780929
2.788000	-0.779781
2.789000	-0.778631
2.790000	-0.777477
2.791000	-0.776320
2.792000	-0.775159
2.793000	-0.773996
2.794000	-0.772829
2.795000	-0.771659
2.796000	-0.770485
2.797000	-0.769308
2.798000	-0.768128
2.799000	-0.766945
2.800000	-0.765759
2.801000	-0.764569
2.802000	-0.763376
2.803000	-0.762180
2.804000	-0.760981
2.805000	-0.759778
2.806000	-0.758573
2.807000	-0.757364
2.808000	-0.756152
2.809000	-0.754936
2.810000	-0.753718
2.811000	-0.752496
2.812000	-0.751272
2.813000	-0.750044
2.814000	-0.748812
2.815000	-0.747578
2.816000	-0.746341
2.817000	-0.745100
2.818000	-0.743856
2.819000	-0.742609
2.820000	-0.741359
2.821000	-0.740106
2.822000	-0.738850
2.823000	-0.737591
2.824000	-0.736328
2.825000	-0.735063
2.826000	-0.733794
2.827000	-0.732522
2.828000	-0.731247
2.829000	-0.729969
2.830000	-0.728688
2.831000	-0.727404
2.832000	-0.726117
2.833000	-0.724827
2.834000	-0.723534
2.835000	-0.722237
2.836000	-0.720938
2.837000	-0.719636
2.838000	-0.718330
2.839000	-0.717022
2.840000	-0.715710
2.841000	-0.714396
2.842000	-0.713078
2.843000	-0.711758
2.844000	-0.710434
2.845000	-0.709108
2.846000	-0.707779
2.847000	-0.706446
2.848000	-0.705111
2.849000	-0.703772
2.850000	-0.702431
2.851000	-0.701087
2.852000	-0.699739
2.853000	-0.698389
2.854000	-0.697036
2.855000	-0.695680
2.856000	-0.694321
2.857000	-0.692959
2.858000	-0.691594
2.859000	-0.690227
2.860000	-0.688856
2.861000	-0.687482
2.862000	-0.686106
2.863000	-0.684727
2.864000	-0.683344
2.865000	-0.681959
2.866000	-0.680571
2.867000	-0.679181
2.868000	-0.677787
2.869000	-0.676391
2.870000	-0.674991
2.871000	-0.673589
2.872000	-0.672184
2.873000	-0.670776
2.874000	-0.669366
2.875000	-0.667952
2.876000	-0.666536
2.877000	-0.665117
2.878000	-0.663695
2.879000	-0.662270
2.880000	-0.660843
2.881000	-0.659413
2.882000	-0.657980
2.883000	-0.656544
2.884000	-0.655105
2.885000	-0.653664
2.886000	-0.652220
2.887000	-0.650774
2.888000	-0.649324
2.889000	-0.647872
2.890000	-0.646417
2.891000	-0.644959
2.892000	-0.643499
2.893000	-0.642036
2.894000	-0.640570
2.895000	-0.639102
2.896000	-0.637631
2.897000	-0.636157
2.898000	-0.634681
2.899000	-0.633202
2.900000	-0.631720
2.901000	-0.630236
2.902000	-0.628749
2.903000	-0.627259
2.904000	-0.625767
2.905000	-0.624272
2.906000	-0.622775
2.907000	-0.621275
2.908000	-0.619772
2.909000	-0.618267
2.910000	-0.616759
2.911000	-0.615248
2.912000	-0.613735
2.913000	-0.612220
2.914000	-0.610702
2.915000	-0.609181
2.916000	-0.607658
2.917000	-0.606132
2.918000	-0.604604
2.919000	-0.603073
2.920000	-0.601539
2.921000	-0.600003
2.922000	-0.598465
2.923000	-0.596924
2.924000	-0.595381
2.925000	-0.593835
2.926000	-0.592287
2.927000	-0.590736
2.928000	-0.589183
2.929000	-0.587627
2.930000	-0.586069
2.931000	-0.584508
2.932000	-0.582945
2.933000	-0.581380
2.934000	-0.579812
2.935000	-0.578241
2.936000	-0.576669
2.937000	-0.575094
2.938000	-0.573516
2.939000	-0.571936
2.940000	-0.570354
2.941000	-0.568769
2.942000	-0.567182
2.943000	-0.565593
2.944000	-0.564001
2.945000	-0.562407
2.946000	-0.560811
2.947000	-0.559212
2.948000	-0.557611
2.949000	-0.556007
2.950000	-0.554402
2.951000	-0.552794
2.952000	-0.551183
2.953000	-0.549571
2.954000	-0.547956
2.955000	-0.546339
2.956000	-0.544719
2.957000	-0.543098
2.958000	-0.541474
2.959000	-0.539848
2.960000	-0.538219
2.961000	-0.536589
2.962000	-0.534956
2.963000	-0.533321
2.964000	-0.531684
2.965000	-0.530044
2.966000	-0.528403
2.967000	-0.526759
2.968000	-0.525113
2.969000	-0.523465
2.970000	-0.521814
2.971000	-0.520162
2.972000	-0.518507
2.973000	-0.516850
2.974000	-0.515191
2.975000	-0.513530
2.976000	-0.511867
2.977000	-0.510202
2.978000	-0.508535
2.979000	-0.506865
2.980000	-0.505194
2.981000	-0.503520
2.982000	-0.501844
2.983000	-0.500166
2.984000	-0.498487
2.985000	-0.496805
2.986000	-0.495121
2.987000	-0.493435
2.988000	-0.491747
2.989000	-0.490057
2.990000	-0.488365
2.991000	-0.486671
2.992000	-0.484975
2.993000	-0.483277
2.994000	-0.481577
2.995000	-0.479875
2.996000	-0.478171
2.997000	-0.476465
2.998000	-0.474757
2.999000	-0.473047
3.000000	-0.471336
3.001000	-0.469622
3.002000	-0.467906
3.003000	-0.466189
3.004000	-0.464470
3.005000	-0.462748
3.006000	-0.461025
3.007000	-0.459300
3.008000	-0.457573
3.009000	-0.455844
3.010000	-0.454114
3.011000	-0.452381
3.012000	-0.450647
3.013000	-0.448911
3.014000	-0.447173
3.015000	-0.445433
3.016000	-0.443691
3.017000	-0.441948
3.018000	-0.440203
3.019000	-0.438455
3.020000	-0.436707
3.021000	-0.434956
3.022000	-0.433204
3.023000	-0.431450
3.024000	-0.429694
3.025000	-0.427936
3.026000	-0.426177
3.027000	-0.424416
3.028000	-0.422653
3.029000	-0.420889
3.030000	-0.419123
3.031000	-0.417355
3.032000	-0.415585
3.033000	-0.413814
3.034000	-0.412041
3.035000	-0.410267
3.036000	-0.408491
3.037000	-0.406713
3.038000	-0.404933
3.039000	-0.403152
3.040000	-0.401370
3.041000	-0.399585
3.042000	-0.397799
3.043000	-0.396012
3.044000	-0.394223
3.045000	-0.392432
3.046000	-0.390640
3.047000	-0.388846
3.048000	-0.387051
3.049000	-0.385254
3.050000	-0.383455
3.051000	-0.381655
3.052000	-0.379854
3.053000	-0.378051
3.054000	-0.376246
3.055000	-0.374440
3.056000	-0.372633
3.057000	-0.370824
3.058000	-0.369013
3.059000	-0.367201
3.060000	-0.365388
3.061000	-0.363573
3.062000	-0.361757
3.063000	-0.359939
3.064000	-0.358120
3.065000	-0.356300
3.066000	-0.354478
3.067000	-0.352654
3.068000	-0.350830
3.069000	-0.349004
3.070000	-0.347176
3.071000	-0.345347
3.072000	-0.343517
3.073000	-0.341686
3.074000	-0.339853
3.075000	-0.338019
3.076000	-0.336183
3.077000	-0.334346
3.078000	-0.332508
3.079000	-0.330669
3.080000	-0.328828
3.081000	-0.326986
3.082000	-0.325143
3.083000	-0.323298
3.084000	-0.321452
3.085000	-0.319605
3.086000	-0.317757
3.087000	-0.315907
3.088000	-0.314057
3.089000	-0.312205
3.090000	-0.310351
3.091000	-0.308497
3.092000	-0.306642
3.093000	-0.304785
3.094000	-0.302927
3.095000	-0.301068
3.096000	-0.299208
3.097000	-0.297346
3.098000	-0.295484
3.099000	-0.293620
3.100000	-0.291755
3.101000	-0.289889
3.102000	-0.288022
3.103000	-0.286154
3.104000	-0.284285
3.105000	-0.282415
3.106000	-0.280544
3.107000	-0.278671
3.108000	-0.276798
3.109000	-0.274923
3.110000	-0.273048
3.111000	-0.271171
3.112000	-0.269294
3.113000	-0.267415
3.114000	-0.265536
3.115000	-0.263655
3.116000	-0.261774
3.117000	-0.259891
3.118000	-0.258008
3.119000	-0.256123
3.120000	-0.254238
3.121000	-0.252352
3.122000	-0.250464
3.123000	-0.248576
3.124000	-0.246687
3.125000	-0.244797
3.126000	-0.242906
3.127000	-0.241014
3.128000	-0.239122
3.129000	-0.237228
3.130000	-0.235334
3.131000	-0.233439
3.132000	-0.231543
3.133000	-0.229646
3.134000	-0.227748
3.135000	-0.225849
3.136000	-0.223950
3.137000	-0.222050
3.138000	-0.220149
3.139000	-0.218247
3.140000	-0.216344
3.141000	-0.214441
3.142000	-0.212537
3.143000	-0.210632
3.144000	-0.208726
3.145000	-0.206820
3.146000	-0.204913
3.147000	-0.203005
3.148000	-0.201097
3.149000	-0.199188
3.150000	-0.197278
3.151000	-0.195367
3.152000	-0.193456
3.153000	-0.191544
3.154000	-0.189632
3.155000	-0.187719
3.156000	-0.185805
3.157000	-0.183890
3.158000	-0.181975
3.159000	-0.180060
3.160000	-0.178143
3.161000	-0.176227
3.162000	-0.174309
3.163000	-0.172391
3.164000	-0.170472
3.165000	-0.168553
3.166000	-0.166634
3.167000	-0.164713
3.168000	-0.162793
3.169000	-0.160871
3.170000	-0.158949
3.171000	-0.157027
3.172000	-0.155104
3.173000	-0.153181
3.174000	-0.151257
3.175000	-0.149333
3.176000	-0.147408
3.177000	-0.145483
3.178000	-0.143557
3.179000	-0.141631
3.180000	-0.139705
3.181000	-0.137778
3.182000	-0.135851
3.183000	-0.133923
3.184000	-0.131995
3.185000	-0.130066
3.186000	-0.128138
3.187000	-0.126208
3.188000	-0.124279
3.189000	-0.122349
3.190000	-0.120419
3.191000	-0.118488
3.192000	-0.116557
3.193000	-0.114626
3.194000	-0.112694
3.195000	-0.110762
3.196000	-0.108830
3.197000	-0.106898
3.198000	-0.104965
3.199000	-0.103032
3.200000	-0.101099
3.201000	-0.099166
3.202000	-0.097232
3.203000	-0.095298
3.204000	-0.093364
3.205000	-0.091430
3.206000	-0.089495
3.207000	-0.087560
3.208000	-0.085626
3.209000	-0.083691
3.210000	-0.081755
3.211000	-0.079820
3.212000	-0.077884
3.213000	-0.075949
3.214000	-0.074013
3.215000	-0.072077
3.216000	-0.070141
3.217000	-0.068205
3.218000	-0.066269
3.219000	-0.064333
3.220000	-0.062396
3.221000	-0.060460
3.222000	-0.058523
3.223000	-0.056587
3.224000	-0.054650
3.225000	-0.052714
3.226000	-0.050777
3.227000	-0.048840
3.228000	-0.046904
3.229000	-0.044967
3.230000	-0.043030
3.231000	-0.041094
3.232000	-0.039157
3.233000	-0.037221
3.234000	-0.035284
3.235000	-0.033348
3.236000	-0.031411
3.237000	-0.029475
3.238000	-0.027539
3.239000	-0.025603
3.240000	-0.023667
3.241000	-0.021731
3.242000	-0.019795
3.243000	-0.017859
3.244000	-0.015924
3.245000	-0.013989
3.246000	-0.012053
3.247000	-0.010118
3.248000	-0.008183
3.249000	-0.006249
3.250000	-0.004314
3.251000	-0.002380
3.252000	-0.000446
3.253000	0.001488
3.254000	0.003422
3.255000	0.005355
3.256000	0.007288
3.257000	0.009221
3.258000	0.011154
3.259000	0.013087
3.260000	0.015019
3.261000	0.016951
3.262000	0.018882
3.263000	0.020813
3.264000	0.022744
3.265000	0.024675
3.266000	0.026605
3.267000	0.028535
3.268000	0.030465
3.269000	0.032394
3.270000	0.034323
3.271000	0.036251
3.272000	0.038180
3.273000	0.040107
3.274000	0.042035
3.275000	0.043962
3.276000	0.045888
3.277000	0.047814
3.278000	0.049740
3.279000	0.051665
3.280000	0.053590
3.281000	0.055514
3.282000	0.057438
3.283000	0.059361
3.284000	0.061284
3.285000	0.063207
3.286000	0.065128
3.287000	0.067050
3.288000	0.068971
3.289000	0.070891
3.290000	0.072811
3.291000	0.074730
3.292000	0.076649
3.293000	0.078567
3.294000	0.080484
3.295000	0.082401
3.296000	0.084317
3.297000	0.086233
3.298000	0.088148
3.299000	0.090063
3.300000	0.091977
3.301000	0.093890
3.302000	0.095803
3.303000	0.097715
3.304000	0.099626
3.305000	0.101536
3.306000	0.103446
3.307000	0.105356
3.308000	0.107264
3.309000	0.109172
3.310000	0.111079
3.311000	0.112986
3.312000	0.114891
3.313000	0.116796
3.314000	0.118701
3.315000	0.120604
3.316000	0.122507
3.317000	0.124409
3.318000	0.126310
3.319000	0.128210
3.320000	0.130110
3.321000	0.132009
3.322000	0.133907
3.323000	0.135804
3.324000	0.137700
3.325000	0.139595
3.326000	0.141490
3.327000	0.143384
3.328000	0.145277
3.329000	0.147169
3.330000	0.149060
3.331000	0.150950
3.332000	0.152839
3.333000	0.154728
3.334000	0.156615
3.335000	0.158502
3.336000	0.160387
3.337000	0.162272
3.338000	0.164156
3.339000	0.166039
3.340000	0.167920
3.341000	0.169801
3.342000	0.171681
3.343000	0.173560
3.344000	0.175438
3.345000	0.177315
3.346000	0.179191
3.347000	0.181065
3.348000	0.182939
3.349000	0.184812
3.350000	0.186683
3.351000	0.188554
3.352000	0.190424
3.353000	0.192292
3.354000	0.194159
3.355000	0.196026
3.356000	0.197891
3.357000	0.199755
3.358000	0.201618
3.359000	0.203480
3.360000	0.205340
3.361000	0.207200
3.362000	0.209058
3.363000	0.210915
3.364000	0.212772
3.365000	0.214626
3.366000	0.216480
3.367000	0.218333
3.368000	0.220184
3.369000	0.222034
3.370000	0.223883
3.371000	0.225730
3.372000	0.227577
3.373000	0.229422
3.374000	0.231266
3.375000	0.233109
3.376000	0.234950
3.377000	0.236790
3.378000	0.238629
3.379000	0.240466
3.380000	0.242302
3.381000	0.244137
3.382000	0.245971
3.383000	0.247803
3.384000	0.249634
3.385000	0.251464
3.386000	0.253292
3.387000	0.255119
3.388000	0.256944
3.389000	0.258768
3.390000	0.260591
3.391000	0.262413
3.392000	0.264232
3.393000	0.266051
3.394000	0.267868
3.395000	0.269684
3.396000	0.271498
3.397000	0.273311
3.398000	0.275122
3.399000	0.276932
3.400000	0.278741
3.401000	0.280548
3.402000	0.282353
3.403000	0.284157
3.404000	0.285960
3.405000	0.287761
3.406000	0.289560
3.407000	0.291358
3.408000	0.293155
3.409000	0.294950
3.410000	0.296743
3.411000	0.298535
3.412000	0.300325
3.413000	0.302114
3.414000	0.303901
3.415000	0.305687
3.416000	0.307470
3.417000	0.309253
3.418000	0.311034
3.419000	0.312813
3.420000	0.314590
3.421000	0.316366
3.422000	0.318140
3.423000	0.319913
3.424000	0.321684
3.425000	0.323453
3.426000	0.325221
3.427000	0.326987
3.428000	0.328751
3.429000	0.330513
3.430000	0.332274
3.431000	0.334033
3.432000	0.335791
3.433000	0.337546
3.434000	0.339300
3.435000	0.341053
3.436000	0.342803
3.437000	0.344552
3.438000	0.346299
3.439000	0.348044
3.440000	0.349787
3.441000	0.351529
3.442000	0.353269
3.443000	0.355007
3.444000	0.356743
3.445000	0.358477
3.446000	0.360210
3.447000	0.361941
3.448000	0.363670
3.449000	0.365397
3.450000	0.367122
3.451000	0.368845
3.452000	0.370567
3.453000	0.372286
3.454000	0.374004
3.455000	0.375720
3.456000	0.377434
3.457000	0.379146
3.458000	0.380856
3.459000	0.382564
3.460000	0.384270
3.461000	0.385974
3.462000	0.387677
3.463000	0.389377
3.464000	0.391076
3.465000	0.392772
3.466000	0.394467
3.467000	0.396159
3.468000	0.397850
3.469000	0.399538
3.470000	0.401225
3.471000	0.402909
3.472000	0.404592
3.473000	0.406272
3.474000	0.407951
3.475000	0.409627
3.476000	0.411301
3.477000	0.412974
3.478000	0.414644
3.479000	0.416312
3.480000	0.417978
3.481000	0.419642
3.482000	0.421304
3.483000	0.422964
3.484000	0.424622
3.485000	0.426277
3.486000	0.427931
3.487000	0.429582
3.488000	0.431231
3.489000	0.432878
3.490000	0.434523
3.491000	0.436166
3.492000	0.437807
3.493000	0.439445
3.494000	0.441081
3.495000	0.442715
3.496000	0.444347
3.497000	0.445977
3.498000	0.447604
3.499000	0.449230
3.500000	0.450853
3.501000	0.452474
3.502000	0.454092
3.503000	0.455709
3.504000	0.457323
3.505000	0.458934
3.506000	0.460544
3.507000	0.462151
3.508000	0.463756
3.509000	0.465359
3.510000	0.466960
3.511000	0.468558
3.512000	0.470154
3.513000	0.471747
3.514000	0.473338
3.515000	0.474927
3.516000	0.476514
3.517000	0.478098
3.518000	0.479680
3.519000	0.481260
3.520000	0.482837
3.521000	0.484412
3.522000	0.485984
3.523000	0.487554
3.524000	0.489122
3.525000	0.490687
3.526000	0.492250
3.527000	0.493811
3.528000	0.495369
3.529000	0.496925
3.530000	0.498478
3.531000	0.500029
3.532000	0.501577
3.533000	0.503123
3.534000	0.504667
3.535000	0.506208
3.536000	0.507746
3.537000	0.509283
3.538000	0.510816
3.539000	0.512347
3.540000	0.513876
3.541000	0.515402
3.542000	0.516926
3.543000	0.518447
3.544000	0.519966
3.545000	0.521482
3.546000	0.522995
3.547000	0.524507
3.548000	0.526015
3.549000	0.527521
3.550000	0.529025
3.551000	0.530525
3.552000	0.532024
3.553000	0.533519
3.554000	0.535013
3.555000	0.536503
3.556000	0.537991
3.557000	0.539477
3.558000	0.540959
3.559000	0.542440
3.560000	0.543917
3.561000	0.545392
3.562000	0.546864
3.563000	0.548334
3.564000	0.549801
3.565000	0.551265
3.566000	0.552727
3.567000	0.554186
3.568000	0.555643
3.569000	0.557096
3.570000	0.558548
3.571000	0.559996
3.572000	0.561442
3.573000	0.562885
3.574000	0.564325
3.575000	0.565763
3.576000	0.567197
3.577000	0.568630
3.578000	0.570059
3.579000	0.571486
3.580000	0.572910
3.581000	0.574331
3.582000	0.575749
3.583000	0.577165
3.584000	0.578578
3.585000	0.579988
3.586000	0.581396
3.587000	0.582800
3.588000	0.584202
3.589000	0.585601
3.590000	0.586998
3.591000	0.588391
3.592000	0.589782
3.593000	0.591170
3.594000	0.592555
3.595000	0.593937
3.596000	0.595316
3.597000	0.596693
3.598000	0.598067
3.599000	0.599438
3.600000	0.600806
3.601000	0.602171
3.602000	0.603533
3.603000	0.604892
3.604000	0.606249
3.605000	0.607603
3.606000	0.608953
3.607000	0.610301
3.608000	0.611646
3.609000	0.612989
3.610000	0.614328
3.611000	0.615664
3.612000	0.616997
3.613000	0.618328
3.614000	0.619655
3.615000	0.620980
3.616000	0.622302
3.617000	0.623620
3.618000	0.624936
3.619000	0.626249
3.620000	0.627559
3.621000	0.628866
3.622000	0.630170
3.623000	0.631470
3.624000	0.632768
3.625000	0.634063
3.626000	0.635355
3.627000	0.636644
3.628000	0.637930
3.629000	0.639213
3.630000	0.640493
3.631000	0.641770
3.632000	0.643044
3.633000	0.644315
3.634000	0.645583
3.635000	0.646848
3.636000	0.648109
3.637000	0.649368
3.638000	0.650624
3.639000	0.651876
3.640000	0.653126
3.641000	0.654373
3.642000	0.655616
3.643000	0.656856
3.644000	0.658094
3.645000	0.659328
3.646000	0.660559
3.647000	0.661787
3.648000	0.663012
3.649000	0.664233
3.650000	0.665452
3.651000	0.666668
3.652000	0.667880
3.653000	0.669089
3.654000	0.670296
3.655000	0.671499
3.656000	0.672699
3.657000	0.673895
3.658000	0.675089
3.659000	0.676279
3.660000	0.677467
3.661000	0.678651
3.662000	0.679832
3.663000	0.681010
3.664000	0.682184
3.665000	0.683356
3.666000	0.684524
3.667000	0.685689
3.668000	0.686851
3.669000	0.688009
3.670000	0.689165
3.671000	0.690317
3.672000	0.691466
3.673000	0.692612
3.674000	0.693755
3.675000	0.694894
3.676000	0.696030
3.677000	0.697163
3.678000	0.698293
3.679000	0.699419
3.680000	0.700542
3.681000	0.701662
3.682000	0.702779
3.683000	0.703892
3.684000	0.705003
3.685000	0.706110
3.686000	0.707213
3.687000	0.708313
3.688000	0.709411
3.689000	0.710504
3.690000	0.711595
3.691000	0.712682
3.692000	0.713766
3.693000	0.714847
3.694000	0.715924
3.695000	0.716998
3.696000	0.718069
3.697000	0.719136
3.698000	0.720200
3.699000	0.721261
3.700000	0.722318
3.701000	0.723372
3.702000	0.724423
3.703000	0.725470
3.704000	0.726514
3.705000	0.727555
3.706000	0.728592
3.707000	0.729626
3.708000	0.730657
3.709000	0.731684
3.710000	0.732708
3.711000	0.733729
3.712000	0.734746
3.713000	0.735760
3.714000	0.736770
3.715000	0.737777
3.716000	0.738781
3.717000	0.739781
3.718000	0.740778
3.719000	0.741771
3.720000	0.742761
3.721000	0.743748
3.722000	0.744731
3.723000	0.745711
3.724000	0.746687
3.725000	0.747660
3.726000	0.748630
3.727000	0.749596
3.728000	0.750558
3.729000	0.751518
3.730000	0.752473
3.731000	0.753426
3.732000	0.754375
3.733000	0.755320
3.734000	0.756262
3.735000	0.757201
3.736000	0.758136
3.737000	0.759068
3.738000	0.759996
3.739000	0.760920
3.740000	0.761842
3.741000	0.762760
3.742000	0.763674
3.743000	0.764585
3.744000	0.765492
3.745000	0.766396
3.746000	0.767296
3.747000	0.768193
3.748000	0.769086
3.749000	0.769976
3.750000	0.770863
3.751000	0.771746
3.752000	0.772625
3.753000	0.773501
3.754000	0.774373
3.755000	0.775242
3.756000	0.776107
3.757000	0.776969
3.758000	0.777827
3.759000	0.778682
3.760000	0.779533
3.761000	0.780381
3.762000	0.781225
3.763000	0.782066
3.764000	0.782903
3.765000	0.783736
3.766000	0.784566
3.767000	0.785393
3.768000	0.786216
3.769000	0.787035
3.770000	0.787851
3.771000	0.788663
3.772000	0.789472
3.773000	0.790277
3.774000	0.791078
3.775000	0.791876
3.776000	0.792671
3.777000	0.793461
3.778000	0.794249
3.779000	0.795032
3.780000	0.795812
3.781000	0.796589
3.782000	0.797362
3.783000	0.798131
3.784000	0.798897
3.785000	0.799659
3.786000	0.800417
3.787000	0.801172
3.788000	0.801924
3.789000	0.802671
3.790000	0.803415
3.791000	0.804156
3.792000	0.804893
3.793000	0.805626
3.794000	0.806356
3.795000	0.807082
3.796000	0.807804
3.797000	0.808523
3.798000	0.809238
3.799000	0.809950
3.800000	0.810658
3.801000	0.811362
3.802000	0.812063
3.803000	0.812760
3.804000	0.813453
3.805000	0.814143
3.806000	0.814829
3.807000	0.815512
3.808000	0.816190
3.809000	0.816866
3.810000	0.817537
3.811000	0.818205
3.812000	0.818869
3.813000	0.819530
3.814000	0.820187
3.815000	0.820840
3.816000	0.821490
3.817000	0.822136
3.818000	0.822778
3.819000	0.823417
3.820000	0.824052
3.821000	0.824683
3.822000	0.825311
3.823000	0.825935
3.824000	0.826555
3.825000	0.827172
3.826000	0.827785
3.827000	0.828394
3.828000	0.829000
3.829000	0.829602
3.830000	0.830200
3.831000	0.830795
3.832000	0.831386
3.833000	0.831973
3.834000	0.832557
3.835000	0.833137
3.836000	0.833713
3.837000	0.834285
3.838000	0.834854
3.839000	0.835419
3.840000	0.835981
3.841000	0.836538
3.842000	0.837092
3.843000	0.837643
3.844000	0.838189
3.845000	0.838732
3.846000	0.839272
3.847000	0.839807
3.848000	0.840339
3.849000	0.840867
3.850000	0.841392
3.851000	0.841912
3.852000	0.842429
3.853000	0.842943
3.854000	0.843452
3.855000	0.843958
3.856000	0.844460
3.857000	0.844959
3.858000	0.845454
3.859000	0.845945
3.860000	0.846432
3.861000	0.846916
3.862000	0.847396
3.863000	0.847872
3.864000	0.848344
3.865000	0.848813
3.866000	0.849278
3.867000	0.849739
3.868000	0.850197
3.869000	0.850651
3.870000	0.851101
3.871000	0.851548
3.872000	0.851990
3.873000	0.852429
3.874000	0.852865
3.875000	0.853296
3.876000	0.853724
3.877000	0.854148
3.878000	0.854568
3.879000	0.854985
3.880000	0.855398
3.881000	0.855807
3.882000	0.856213
3.883000	0.856614
3.884000	0.857012
3.885000	0.857407
3.886000	0.857797
3.887000	0.858184
3.888000	0.858567
3.889000	0.858946
3.890000	0.859322
3.891000	0.859694
3.892000	0.860062
3.893000	0.860427
3.894000	0.860787
3.895000	0.861144
3.896000	0.861498
3.897000	0.861847
3.898000	0.862193
3.899000	0.862535
3.900000	0.862873
3.901000	0.863208
3.902000	0.863539
3.903000	0.863866
3.904000	0.864189
3.905000	0.864509
3.906000	0.864825
3.907000	0.865137
3.908000	0.865445
3.909000	0.865750
3.910000	0.866051
3.911000	0.866348
3.912000	0.866642
3.913000	0.866932
3.914000	0.867218
3.915000	0.867500
3.916000	0.867779
3.917000	0.868053
3.918000	0.868325
3.919000	0.868592
3.920000	0.868856
3.921000	0.869116
3.922000	0.869372
3.923000	0.869624
3.924000	0.869873
3.925000	0.870118
3.926000	0.870359
3.927000	0.870597
3.928000	0.870831
3.929000	0.871061
3.930000	0.871287
3.931000	0.871510
3.932000	0.871729
3.933000	0.871944
3.934000	0.872156
3.935000	0.872363
3.936000	0.872567
3.937000	0.872768
3.938000	0.872964
3.939000	0.873157
3.940000	0.873346
3.941000	0.873532
3.942000	0.873713
3.943000	0.873891
3.944000	0.874066
3.945000	0.874236
3.946000	0.874403
3.947000	0.874566
3.948000	0.874726
3.949000	0.874881
3.950000	0.875033
3.951000	0.875182
3.952000	0.875326
3.953000	0.875467
3.954000	0.875604
3.955000	0.875738
3.956000	0.875867
3.957000	0.875994
3.958000	0.876116
3.959000	0.876234
3.960000	0.876349
3.961000	0.876461
3.962000	0.876568
3.963000	0.876672
3.964000	0.876772
3.965000	0.876869
3.966000	0.876961
3.967000	0.877050
3.968000	0.877136
3.969000	0.877217
3.970000	0.877295
3.971000	0.877370
3.972000	0.877440
3.973000	0.877507
3.974000	0.877570
3.975000	0.877630
3.976000	0.877686
3.977000	0.877738
3.978000	0.877786
3.979000	0.877831
3.980000	0.877872
3.981000	0.877910
3.982000	0.877943
3.983000	0.877973
3.984000	0.878000
3.985000	0.878023
3.986000	0.878042
3.987000	0.878057
3.988000	0.878069
3.989000	0.878077
3.990000	0.878081
3.991000	0.878082
3.992000	0.878079
3.993000	0.878073
3.994000	0.878063
3.995000	0.878049
3.996000	0.878031
3.997000	0.878010
3.998000	0.877985
3.999000	0.877957
4.000000	0.877925
4.001000	0.877889
4.002000	0.877850
4.003000	0.877807
4.004000	0.877760
4.005000	0.877710
4.006000	0.877656
4.007000	0.877598
4.008000	0.877537
4.009000	0.877472
4.010000	0.877404
4.011000	0.877332
4.012000	0.877256
4.013000	0.877177
4.014000	0.877094
4.015000	0.877007
4.016000	0.876917
4.017000	0.876824
4.018000	0.876726
4.019000	0.876625
4.020000	0.876521
4.021000	0.876412
4.022000	0.876301
4.023000	0.876185
4.024000	0.876066
4.025000	0.875944
4.026000	0.875818
4.027000	0.875688
4.028000	0.875555
4.029000	0.875418
4.030000	0.875277
4.031000	0.875133
4.032000	0.874986
4.033000	0.874834
4.034000	0.874680
4.035000	0.874521
4.036000	0.874359
4.037000	0.874194
4.038000	0.874025
4.039000	0.873852
4.040000	0.873676
4.041000	0.873496
4.042000	0.873313
4.043000	0.873126
4.044000	0.872936
4.045000	0.872742
4.046000	0.872545
4.047000	0.872344
4.048000	0.872139
4.049000	0.871931
4.050000	0.871719
4.051000	0.871504
4.052000	0.871286
4.053000	0.871064
4.054000	0.870838
4.055000	0.870609
4.056000	0.870376
4.057000	0.870140
4.058000	0.869900
4.059000	0.869657
4.060000	0.869410
4.061000	0.869160
4.062000	0.868906
4.063000	0.868649
4.064000	0.868388
4.065000	0.868124
4.066000	0.867856
4.067000	0.867585
4.068000	0.867311
4.069000	0.867033
4.070000	0.866751
4.071000	0.866466
4.072000	0.866177
4.073000	0.865885
4.074000	0.865590
4.075000	0.865291
4.076000	0.864989
4.077000	0.864683
4.078000	0.864374
4.079000	0.864061
4.080000	0.863745
4.081000	0.863425
4.082000	0.863102
4.083000	0.862776
4.084000	0.862446
4.085000	0.862113
4.086000	0.861776
4.087000	0.861436
4.088000	0.861093
4.089000	0.860746
4.090000	0.860395
4.091000	0.860042
4.092000	0.859685
4.093000	0.859324
4.094000	0.858960
4.095000	0.858593
4.096000	0.858222
4.097000	0.857848
4.098000	0.857471
4.099000	0.857090
4.100000	0.856706
4.101000	0.856318
4.102000	0.855927
4.103000	0.855533
4.104000	0.855135
4.105000	0.854734
4.106000	0.854330
4.107000	0.853922
4.108000	0.853511
4.109000	0.853097
4.110000	0.852679
4.111000	0.852258
4.112000	0.851834
4.113000	0.851406
4.114000	0.850975
4.115000	0.850541
4.116000	0.850103
4.117000	0.849662
4.118000	0.849218
4.119000	0.848770
4.120000	0.848320
4.121000	0.847866
4.122000	0.847408
4.123000	0.846947
4.124000	0.846483
4.125000	0.846016
4.126000	0.845546
4.127000	0.845072
4.128000	0.844595
4.129000	0.844115
4.130000	0.843631
4.131000	0.843144
4.132000	0.842654
4.133000	0.842161
4.134000	0.841664
4.135000	0.841165
4.136000	0.840662
4.137000	0.840155
4.138000	0.839646
4.139000	0.839133
4.140000	0.838617
4.141000	0.838098
4.142000	0.837576
4.143000	0.837050
4.144000	0.836522
4.145000	0.835990
4.146000	0.835455
4.147000	0.834916
4.148000	0.834375
4.149000	0.833830
4.150000	0.833283
4.151000	0.832732
4.152000	0.832178
4.153000	0.831620
4.154000	0.831060
4.155000	0.830496
4.156000	0.829930
4.157000	0.829360
4.158000	0.828787
4.159000	0.828211
4.160000	0.827632
4.161000	0.827049
4.162000	0.826464
4.163000	0.825875
4.164000	0.825283
4.165000	0.824689
4.166000	0.824091
4.167000	0.823490
4.168000	0.822886
4.169000	0.822279
4.170000	0.821668
4.171000	0.821055
4.172000	0.820439
4.173000	0.819819
4.174000	0.819197
4.175000	0.818571
4.176000	0.817942
4.177000	0.817311
4.178000	0.816676
4.179000	0.816038
4.180000	0.815398
4.181000	0.814754
4.182000	0.814107
4.183000	0.813457
4.184000	0.812804
4.185000	0.812149
4.186000	0.811490
4.187000	0.810828
4.188000	0.810163
4.189000	0.809495
4.190000	0.808824
4.191000	0.808151
4.192000	0.807474
4.193000	0.806794
4.194000	0.806112
4.195000	0.805426
4.196000	0.804737
4.197000	0.804046
4.198000	0.803351
4.199000	0.802654
4.200000	0.801954
4.201000	0.801250
4.202000	0.800544
4.203000	0.799835
4.204000	0.799123
4.205000	0.798408
4.206000	0.797690
4.207000	0.796970
4.208000	0.796246
4.209000	0.795520
4.210000	0.794790
4.211000	0.794058
4.212000	0.793323
4.213000	0.792585
4.214000	0.791844
4.215000	0.791100
4.216000	0.790354
4.217000	0.789604
4.218000	0.788852
4.219000	0.788097
4.220000	0.787339
4.221000	0.786579
4.222000	0.785815
4.223000	0.785049
4.224000	0.784280
4.225000	0.783508
4.226000	0.782733
4.227000	0.781956
4.228000	0.781175
4.229000	0.780392
4.230000	0.779607
4.231000	0.778818
4.232000	0.778027
4.233000	0.777233
4.234000	0.776436
4.235000	0.775636
4.236000	0.774834
4.237000	0.774029
4.238000	0.773221
4.239000	0.772411
4.240000	0.771597
4.241000	0.770781
4.242000	0.769963
4.243000	0.769141
4.244000	0.768317
4.245000	0.767491
4.246000	0.766661
4.247000	0.765829
4.248000	0.764995
4.249000	0.764157
4.250000	0.763317
4.251000	0.762475
4.252000	0.761629
4.253000	0.760781
4.254000	0.759931
4.255000	0.759077
4.256000	0.758221
4.257000	0.757363
4.258000	0.756502
4.259000	0.755638
4.260000	0.754772
4.261000	0.753903
4.262000	0.753032
4.263000	0.752158
4.264000	0.751281
4.265000	0.750402
4.266000	0.749520
4.267000	0.748636
4.268000	0.747749
4.269000	0.746859
4.270000	0.745967
4.271000	0.745073
4.272000	0.744176
4.273000	0.743276
4.274000	0.742374
4.275000	0.741470
4.276000	0.740563
4.277000	0.739653
4.278000	0.738741
4.279000	0.737827
4.280000	0.736910
4.281000	0.735990
4.282000	0.735068
4.283000	0.734144
4.284000	0.733217
4.285000	0.732288
4.286000	0.731356
4.287000	0.730422
4.288000	0.729485
4.289000	0.728546
4.290000	0.727604
4.291000	0.726661
4.292000	0.725714
4.293000	0.724766
4.294000	0.723815
4.295000	0.722861
4.296000	0.721905
4.297000	0.720947
4.298000	0.719987
4.299000	0.719024
4.300000	0.718058
4.301000	0.717091
4.302000	0.716121
4.303000	0.715149
4.304000	0.714174
4.305000	0.713197
4.306000	0.712218
4.307000	0.711236
4.308000	0.710252
4.309000	0.709266
4.310000	0.708278
4.311000	0.707287
4.312000	0.706294
4.313000	0.705299
4.314000	0.704301
4.315000	0.703301
4.316000	0.702299
4.317000	0.701295
4.318000	0.700288
4.319000	0.699280
4.320000	0.698269
4.321000	0.697256
4.322000	0.696240
4.323000	0.695222
4.324000	0.694203
4.325000	0.693181
4.326000	0.692156
4.327000	0.691130
4.328000	0.690102
4.329000	0.689071
4.330000	0.688038
4.331000	0.687003
4.332000	0.685966
4.333000	0.684926
4.334000	0.683885
4.335000	0.682841
4.336000	0.681796
4.337000	0.680748
4.338000	0.679698
4.339000	0.678646
4.340000	0.677592
4.341000	0.676536
4.342000	0.675478
4.343000	0.674417
4.344000	0.673355
4.345000	0.672290
4.346000	0.671224
4.347000	0.670155
4.348000	0.669085
4.349000	0.668012
4.350000	0.666938
4.351000	0.665861
4.352000	0.664782
4.353000	0.663702
4.354000	0.662619
4.355000	0.661534
4.356000	0.660448
4.357000	0.659359
4.358000	0.658269
4.359000	0.657176
4.360000	0.656081
4.361000	0.654985
4.362000	0.653887
4.363000	0.652786
4.364000	0.651684
4.365000	0.650580
4.366000	0.649474
4.367000	0.648366
4.368000	0.647256
4.369000	0.646144
4.370000	0.645031
4.371000	0.643915
4.372000	0.642798
4.373000	0.641678
4.374000	0.640557
4.375000	0.639434
4.376000	0.638309
4.377000	0.637183
4.378000	0.636054
4.379000	0.634924
4.380000	0.633792
4.381000	0.632658
4.382000	0.631522
4.383000	0.630384
4.384000	0.629245
4.385000	0.628104
4.386000	0.626961
4.387000	0.625816
4.388000	0.624670
4.389000	0.623522
4.390000	0.622372
4.391000	0.621220
4.392000	0.620067
4.393000	0.618912
4.394000	0.617755
4.395000	0.616596
4.396000	0.615436
4.397000	0.614274
4.398000	0.613111
4.399000	0.611945
4.400000	0.610778
4.401000	0.609610
4.402000	0.608439
4.403000	0.607268
4.404000	0.606094
4.405000	0.604919
4.406000	0.603742
4.407000	0.602563
4.408000	0.601383
4.409000	0.600201
4.410000	0.599018
4.411000	0.597833
4.412000	0.596647
4.413000	0.595459
4.414000	0.594269
4.415000	0.593078
4.416000	0.591885
4.417000	0.590691
4.418000	0.589495
4.419000	0.588297
4.420000	0.587098
4.421000	0.585898
4.422000	0.584696
4.423000	0.583493
4.424000	0.582288
4.425000	0.581081
4.426000	0.579873
4.427000	0.578664
4.428000	0.577453
4.429000	0.576240
4.430000	0.575027
4.431000	0.573811
4.432000	0.572595
4.433000	0.571376
4.434000	0.570157
4.435000	0.568936
4.436000	0.567713
4.437000	0.566490
4.438000	0.565264
4.439000	0.564038
4.440000	0.562810
4.441000	0.561580
4.442000	0.560350
4.443000	0.559118
4.444000	0.557884
4.445000	0.556649
4.446000	0.555413
4.447000	0.554176
4.448000	0.552937
4.449000	0.551697
4.450000	0.550456
4.451000	0.549213
4.452000	0.547969
4.453000	0.546724
4.454000	0.545477
4.455000	0.544229
4.456000	0.542980
4.457000	0.541730
4.458000	0.540478
4.459000	0.539225
4.460000	0.537971
4.461000	0.536716
4.462000	0.535459
4.463000	0.534201
4.464000	0.532943
4.465000	0.531682
4.466000	0.530421
4.467000	0.529159
4.468000	0.527895
4.469000	0.526630
4.470000	0.525364
4.471000	0.524097
4.472000	0.522828
4.473000	0.521559
4.474000	0.520288
4.475000	0.519017
4.476000	0.517744
4.477000	0.516470
4.478000	0.515195
4.479000	0.513919
4.480000	0.512642
4.481000	0.511363
4.482000	0.510084
4.483000	0.508804
4.484000	0.507522
4.485000	0.506240
4.486000	0.504956
4.487000	0.503671
4.488000	0.502386
4.489000	0.501099
4.490000	0.499812
4.491000	0.498523
4.492000	0.497233
4.493000	0.495943
4.494000	0.494651
4.495000	0.493358
4.496000	0.492065
4.497000	0.490770
4.498000	0.489475
4.499000	0.488179
4.500000	0.486881
4.501000	0.485583
4.502000	0.484284
4.503000	0.482984
4.504000	0.481683
4.505000	0.480381
4.506000	0.479078
4.507000	0.477775
4.508000	0.476470
4.509000	0.475165
4.510000	0.473858
4.511000	0.472551
4.512000	0.471243
4.513000	0.469935
4.514000	0.468625
4.515000	0.467315
4.516000	0.466003
4.517000	0.464691
4.518000	0.463379
4.519000	0.462065
4.520000	0.460750
4.521000	0.459435
4.522000	0.458119
4.523000	0.456803
4.524000	0.455485
4.525000	0.454167
4.526000	0.452848
4.527000	0.451528
4.528000	0.450208
4.529000	0.448887
4.530000	0.447565
4.531000	0.446243
4.532000	0.444919
4.533000	0.443595
4.534000	0.442271
4.535000	0.440946
4.536000	0.439620
4.537000	0.438293
4.538000	0.436966
4.539000	0.435638
4.540000	0.434310
4.541000	0.432981
4.542000	0.431651
4.543000	0.430321
4.544000	0.428990
4.545000	0.427658
4.546000	0.426326
4.547000	0.424993
4.548000	0.423660
4.549000	0.422326
4.550000	0.420992
4.551000	0.419657
4.552000	0.418322
4.553000	0.416986
4.554000	0.415649
4.555000	0.414312
4.556000	0.412975
4.557000	0.411637
4.558000	0.410298
4.559000	0.408959
4.560000	0.407620
4.561000	0.406280
4.562000	0.404939
4.563000	0.403598
4.564000	0.402257
4.565000	0.400915
4.566000	0.399573
4.567000	0.398230
4.568000	0.396887
4.569000	0.395544
4.570000	0.394200
4.571000	0.392856
4.572000	0.391511
4.573000	0.390166
4.574000	0.388821
4.575000	0.387475
4.576000	0.386129
4.577000	0.384782
4.578000	0.383435
4.579000	0.382088
4.580000	0.380741
4.581000	0.379393
4.582000	0.378045
4.583000	0.376696
4.584000	0.375348
4.585000	0.373999
4.586000	0.372649
4.587000	0.371300
4.588000	0.369950
4.589000	0.368600
4.590000	0.367250
4.591000	0.365899
4.592000	0.364548
4.593000	0.363197
4.594000	0.361846
4.595000	0.360494
4.596000	0.359143
4.597000	0.357791
4.598000	0.356439
4.599000	0.355086
4.600000	0.353734
4.601000	0.352381
4.602000	0.351028
4.603000	0.349675
4.604000	0.348322
4.605000	0.346969
4.606000	0.345616
4.607000	0.344262
4.608000	0.342909
4.609000	0.341555
4.610000	0.340201
4.611000	0.338847
4.612000	0.337493
4.613000	0.336139
4.614000	0.334785
4.615000	0.333431
4.616000	0.332076
4.617000	0.330722
4.618000	0.329368
4.619000	0.328013
4.620000	0.326659
4.621000	0.325304
4.622000	0.323950
4.623000	0.322595
4.624000	0.321241
4.625000	0.319886
4.626000	0.318532
4.627000	0.317177
4.628000	0.315823
4.629000	0.314469
4.630000	0.313114
4.631000	0.311760
4.632000	0.310406
4.633000	0.309052
4.634000	0.307698
4.635000	0.306344
4.636000	0.304990
4.637000	0.303636
4.638000	0.302282
4.639000	0.300929
4.640000	0.299575
4.641000	0.298222
4.642000	0.296869
4.643000	0.295516
4.644000	0.294163
4.645000	0.292810
4.646000	0.291457
4.647000	0.290105
4.648000	0.288753
4.649000	0.287401
4.650000	0.286049
4.651000	0.284697
4.652000	0.283346
4.653000	0.281995
4.654000	0.280644
4.655000	0.279293
4.656000	0.277942
4.657000	0.276592
4.658000	0.275242
4.659000	0.273892
4.660000	0.272543
4.661000	0.271193
4.662000	0.269844
4.663000	0.268496
4.664000	0.267147
4.665000	0.265799
4.666000	0.264451
4.667000	0.263104
4.668000	0.261757
4.669000	0.260410
4.670000	0.259063
4.671000	0.257717
4.672000	0.256372
4.673000	0.255026
4.674000	0.253681
4.675000	0.252336
4.676000	0.250992
4.677000	0.249648
4.678000	0.248305
4.679000	0.246962
4.680000	0.245619
4.681000	0.244277
4.682000	0.242935
4.683000	0.241593
4.684000	0.240252
4.685000	0.238912
4.686000	0.237572
4.687000	0.236232
4.688000	0.234893
4.689000	0.233554
4.690000	0.232216
4.691000	0.230878
4.692000	0.229541
4.693000	0.228204
4.694000	0.226868
4.695000	0.225532
4.696000	0.224197
4.697000	0.222863
4.698000	0.221528
4.699000	0.220195
4.700000	0.218862
4.701000	0.217529
4.702000	0.216197
4.703000	0.214866
4.704000	0.213535
4.705000	0.212205
4.706000	0.210876
4.707000	0.209547
4.708000	0.208218
4.709000	0.206891
4.710000	0.205563
4.711000	0.204237
4.712000	0.202911
4.713000	0.201586
4.714000	0.200261
4.715000	0.198937
4.716000	0.197614
4.717000	0.196291
4.718000	0.194970
4.719000	0.193648
4.720000	0.192328
4.721000	0.191008
4.722000	0.189689
4.723000	0.188370
4.724000	0.187053
4.725000	0.185736
4.726000	0.184419
4.727000	0.183104
4.728000	0.181789
4.729000	0.180475
4.730000	0.179162
4.731000	0.177849
4.732000	0.176538
4.733000	0.175227
4.734000	0.173916
4.735000	0.172607
4.736000	0.171298
4.737000	0.169991
4.738000	0.168684
4.739000	0.167378
4.740000	0.166072
4.741000	0.164768
4.742000	0.163464
4.743000	0.162161
4.744000	0.160859
4.745000	0.159558
4.746000	0.158258
4.747000	0.156959
4.748000	0.155660
4.749000	0.154362
4.750000	0.153066
4.751000	0.151770
4.752000	0.150475
4.753000	0.149181
4.754000	0.147888
4.755000	0.146596
4.756000	0.145305
4.757000	0.144014
4.758000	0.142725
4.759000	0.141437
4.760000	0.140149
4.761000	0.138863
4.762000	0.137577
4.763000	0.136293
4.764000	0.135009
4.765000	0.133726
4.766000	0.132445
4.767000	0.131164
4.768000	0.129885
4.769000	0.128606
4.770000	0.127329
4.771000	0.126052
4.772000	0.124777
4.773000	0.123502
4.774000	0.122229
4.775000	0.120957
4.776000	0.119686
4.777000	0.118415
4.778000	0.117146
4.779000	0.115878
4.780000	0.114611
4.781000	0.113345
4.782000	0.112081
4.783000	0.110817
4.784000	0.109554
4.785000	0.108293
4.786000	0.107033
4.787000	0.105774
4.788000	0.104516
4.789000	0.103259
4.790000	0.102003
4.791000	0.100748
4.792000	0.099495
4.793000	0.098243
4.794000	0.096992
4.795000	0.095742
4.796000	0.094493
4.797000	0.093245
4.798000	0.091999
4.799000	0.090754
4.800000	0.089510
4.801000	0.088267
4.802000	0.087026
4.803000	0.085785
4.804000	0.084546
4.805000	0.083309
4.806000	0.082072
4.807000	0.080837
4.808000	0.079603
4.809000	0.078370
4.810000	0.077138
4.811000	0.075908
4.812000	0.074679
4.813000	0.073452
4.814000	0.072225
4.815000	0.071000
4.816000	0.069776
4.817000	0.068554
4.818000	0.067333
4.819000	0.066113
4.820000	0.064895
4.821000	0.063678
4.822000	0.062462
4.823000	0.061247
4.824000	0.060034
4.825000	0.058822
4.826000	0.057612
4.827000	0.056403
4.828000	0.055195
4.829000	0.053989
4.830000	0.052784
4.831000	0.051581
4.832000	0.050379
4.833000	0.049178
4.834000	0.047979
4.835000	0.046781
4.836000	0.045585
4.837000	0.044390
4.838000	0.043196
4.839000	0.042004
4.840000	0.040813
4.841000	0.039624
4.842000	0.038436
4.843000	0.037250
4.844000	0.036065
4.845000	0.034882
4.846000	0.033700
4.847000	0.032520
4.848000	0.031341
4.849000	0.030163
4.850000	0.028987
4.851000	0.027813
4.852000	0.026640
4.853000	0.025469
4.854000	0.024299
4.855000	0.023131
4.856000	0.021964
4.857000	0.020799
4.858000	0.019635
4.859000	0.018473
4.860000	0.017312
4.861000	0.016153
4.862000	0.014996
4.863000	0.013840
4.864000	0.012685
4.865000	0.011533
4.866000	0.010382
4.867000	0.009232
4.868000	0.008084
4.869000	0.006938
4.870000	0.005793
4.871000	0.004650
4.872000	0.003508
4.873000	0.002368
4.874000	0.001230
4.875000	0.000093
4.876000	-0.001042
4.877000	-0.002175
4.878000	-0.003307
4.879000	-0.004437
4.880000	-0.005565
4.881000	-0.006692
4.882000	-0.007817
4.883000	-0.008940
4.884000	-0.010062
4.885000	-0.011182
4.886000	-0.012300
4.887000	-0.013417
4.888000	-0.014532
4.889000	-0.015645
4.890000	-0.016756
4.891000	-0.017866
4.892000	-0.018974
4.893000	-0.020080
4.894000	-0.021185
4.895000	-0.022288
4.896000	-0.023389
4.897000	-0.024488
4.898000	-0.025586
4.899000	-0.026682
4.900000	-0.027776
4.901000	-0.028868
4.902000	-0.029959
4.903000	-0.031047
4.904000	-0.032134
4.905000	-0.033220
4.906000	-0.034303
4.907000	-0.035385
4.908000	-0.036464
4.909000	-0.037543
4.910000	-0.038619
4.911000	-0.039693
4.912000	-0.040766
4.913000	-0.041836
4.914000	-0.042905
4.915000	-0.043972
4.916000	-0.045038
4.917000	-0.046101
4.918000	-0.047163
4.919000	-0.048222
4.920000	-0.049280
4.921000	-0.050336
4.922000	-0.051390
4.923000	-0.052443
4.924000	-0.053493
4.925000	-0.054542
4.926000	-0.055588
4.927000	-0.056633
4.928000	-0.057676
4.929000	-0.058717
4.930000	-0.059756
4.931000	-0.060793
4.932000	-0.061828
4.933000	-0.062862
4.934000	-0.063893
4.935000	-0.064922
4.936000	-0.065950
4.937000	-0.066976
4.938000	-0.067999
4.939000	-0.069021
4.940000	-0.070041
4.941000	-0.071059
4.942000	-0.072075
4.943000	-0.073089
4.944000	-0.074100
4.945000	-0.075110
4.946000	-0.076119
4.947000	-0.077125
4.948000	-0.078129
4.949000	-0.079131
4.950000	-0.080131
4.951000	-0.081129
4.952000	-0.082125
4.953000	-0.083119
4.954000	-0.084111
4.955000	-0.085102
4.956000	-0.086090
4.957000	-0.087076
4.958000	-0.088060
4.959000	-0.089042
4.960000	-0.090022
4.961000	-0.091000
4.962000	-0.091976
4.963000	-0.092950
4.964000	-0.093922
4.965000	-0.094891
4.966000	-0.095859
4.967000	-0.096825
4.968000	-0.097788
4.969000	-0.098750
4.970000	-0.099710
4.971000	-0.100667
4.972000	-0.101622
4.973000	-0.102576
4.974000	-0.103527
4.975000	-0.104476
4.976000	-0.105423
4.977000	-0.106368
4.978000	-0.107311
4.979000	-0.108252
4.980000	-0.109190
4.981000	-0.110127
4.982000	-0.111061
4.983000	-0.111993
4.984000	-0.112924
4.985000	-0.113852
4.986000	-0.114778
4.987000	-0.115701
4.988000	-0.116623
4.989000	-0.117543
4.990000	-0.118460
4.991000	-0.119375
4.992000	-0.120288
4.993000	-0.121199
4.994000	-0.122108
4.995000	-0.123015
4.996000	-0.123919
4.997000	-0.124821
4.998000	-0.125721
4.999000	-0.126619
